*Experiment #1*
90
84
19
96
67
78
37
83
89
53
72
95
32
27
42
39
73
43
28
33
95
72
60
71
43
25
27
36
11
54
23
52
89
41
99
7
71
35
89
11
88
13
5
71
39
99
9
63
93
88
96
87
11
7
10
54
31
36
41
93
89
63
96
30
56
95
36
26
29
77
36
68
89
92
38
79
90
98
41
82
37
88
21
48
94
30
53
77
65
93
69
5
56
65
34
11
59
22
88
39

Next Fit:
90 0
84 1
19 2
96 3
67 4
78 5
37 6
83 7
89 8
53 9
72 10
95 11
32 12
27 12
42 13
39 13
73 14
43 15
28 15
33 16
95 17
72 18
60 19
71 20
43 21
25 21
27 21
36 22
11 22
54 23
23 23
52 24
89 25
41 26
99 27
7 28
71 28
35 29
89 30
11 30
88 31
13 32
5 32
71 32
39 33
99 34
9 35
63 35
93 36
88 37
96 38
87 39
11 39
7 40
10 40
54 40
31 41
36 41
41 42
93 43
89 44
63 45
96 46
30 47
56 47
95 48
36 49
26 49
29 49
77 50
36 51
68 52
89 53
92 54
38 55
79 56
90 57
98 58
41 59
82 60
37 61
88 62
21 63
48 63
94 64
30 65
53 65
77 66
65 67
93 68
69 69
5 69
56 70
65 71
34 71
11 72
59 72
22 72
88 73
39 74

0 90 90
1 84 84
2 19 19
3 96 96
4 67 67
5 78 78
6 37 37
7 83 83
8 89 89
9 53 53
10 72 72
11 95 95
12 32 27 59
13 42 39 81
14 73 73
15 43 28 71
16 33 33
17 95 95
18 72 72
19 60 60
20 71 71
21 43 25 27 95
22 36 11 47
23 54 23 77
24 52 52
25 89 89
26 41 41
27 99 99
28 7 71 78
29 35 35
30 89 11 100
31 88 88
32 13 5 71 89
33 39 39
34 99 99
35 9 63 72
36 93 93
37 88 88
38 96 96
39 87 11 98
40 7 10 54 71
41 31 36 67
42 41 41
43 93 93
44 89 89
45 63 63
46 96 96
47 30 56 86
48 95 95
49 36 26 29 91
50 77 77
51 36 36
52 68 68
53 89 89
54 92 92
55 38 38
56 79 79
57 90 90
58 98 98
59 41 41
60 82 82
61 37 37
62 88 88
63 21 48 69
64 94 94
65 30 53 83
66 77 77
67 65 65
68 93 93
69 69 5 74
70 56 56
71 65 34 99
72 11 59 22 92
73 88 88
74 39 39

First Fit:
90 0
84 1
19 2
96 3
67 2
78 4
37 5
83 6
89 7
53 5
72 8
95 9
32 10
27 8
42 10
39 11
73 12
43 11
28 13
33 13
95 14
72 15
60 16
71 17
43 18
25 10
27 12
36 13
11 1
54 18
23 15
52 19
89 20
41 19
99 21
7 0
71 22
35 16
89 23
11 2
88 24
13 4
5 1
71 25
39 26
99 27
9 4
63 28
93 29
88 30
96 31
87 32
11 6
7 5
10 7
54 26
31 28
36 33
41 33
93 34
89 35
63 36
96 37
30 36
56 38
95 39
36 38
26 17
29 22
77 40
36 41
68 42
89 43
92 44
38 41
79 45
90 46
98 47
41 48
82 49
37 48
88 50
21 25
48 51
94 52
30 42
53 53
77 54
65 55
93 56
69 57
5 6
56 58
65 59
34 51
11 11
59 60
22 33
88 61
39 53

0 90 7 97
1 84 11 5 100
2 19 67 11 97
3 96 96
4 78 13 9 100
5 37 53 7 97
6 83 11 5 99
7 89 10 99
8 72 27 99
9 95 95
10 32 42 25 99
11 39 43 11 93
12 73 27 100
13 28 33 36 97
14 95 95
15 72 23 95
16 60 35 95
17 71 26 97
18 43 54 97
19 52 41 93
20 89 89
21 99 99
22 71 29 100
23 89 89
24 88 88
25 71 21 92
26 39 54 93
27 99 99
28 63 31 94
29 93 93
30 88 88
31 96 96
32 87 87
33 36 41 22 99
34 93 93
35 89 89
36 63 30 93
37 96 96
38 56 36 92
39 95 95
40 77 77
41 36 38 74
42 68 30 98
43 89 89
44 92 92
45 79 79
46 90 90
47 98 98
48 41 37 78
49 82 82
50 88 88
51 48 34 82
52 94 94
53 53 39 92
54 77 77
55 65 65
56 93 93
57 69 69
58 56 56
59 65 65
60 59 59
61 88 88

Best Fit:
90 0
84 1
19 2
96 3
67 2
78 4
37 5
83 6
89 7
53 5
72 8
95 9
32 10
27 8
42 10
39 11
73 12
43 11
28 13
33 13
95 14
72 15
60 16
71 17
43 18
25 10
27 12
36 13
11 7
54 18
23 15
52 19
89 20
41 19
99 21
7 19
71 22
35 16
89 23
11 20
88 24
13 2
5 9
71 25
39 26
99 27
9 0
63 28
93 29
88 30
96 31
87 32
11 23
7 29
10 5
54 26
31 28
36 33
41 33
93 34
89 35
63 36
96 37
30 36
56 38
95 39
36 38
26 17
29 22
77 40
36 41
68 42
89 43
92 44
38 41
79 45
90 46
98 47
41 48
82 49
37 48
88 50
21 45
48 51
94 52
30 42
53 53
77 54
65 55
93 56
69 57
5 14
56 58
65 59
34 55
11 35
59 60
22 4
88 61
39 60

0 90 9 99
1 84 84
2 19 67 13 99
3 96 96
4 78 22 100
5 37 53 10 100
6 83 83
7 89 11 100
8 72 27 99
9 95 5 100
10 32 42 25 99
11 39 43 82
12 73 27 100
13 28 33 36 97
14 95 5 100
15 72 23 95
16 60 35 95
17 71 26 97
18 43 54 97
19 52 41 7 100
20 89 11 100
21 99 99
22 71 29 100
23 89 11 100
24 88 88
25 71 71
26 39 54 93
27 99 99
28 63 31 94
29 93 7 100
30 88 88
31 96 96
32 87 87
33 36 41 77
34 93 93
35 89 11 100
36 63 30 93
37 96 96
38 56 36 92
39 95 95
40 77 77
41 36 38 74
42 68 30 98
43 89 89
44 92 92
45 79 21 100
46 90 90
47 98 98
48 41 37 78
49 82 82
50 88 88
51 48 48
52 94 94
53 53 53
54 77 77
55 65 34 99
56 93 93
57 69 69
58 56 56
59 65 65
60 59 39 98
61 88 88

First Fit Decreasing:
99 0
99 1
98 2
96 3
96 4
96 5
95 6
95 7
95 8
94 9
93 10
93 11
93 12
92 13
90 14
90 15
89 16
89 17
89 18
89 19
89 20
88 21
88 22
88 23
88 24
87 25
84 26
83 27
82 28
79 29
78 30
77 31
77 32
73 33
72 34
72 35
71 36
71 37
71 38
69 39
68 40
67 41
65 42
65 43
63 44
63 45
60 46
59 47
56 48
56 49
54 50
54 51
53 52
53 53
52 54
48 54
43 48
43 49
42 50
41 47
41 51
41 52
39 46
39 53
39 55
38 55
37 44
37 45
36 56
36 56
36 57
36 57
35 42
34 43
33 41
32 40
31 39
30 58
30 58
29 36
28 34
27 33
27 35
26 37
25 38
23 31
22 30
21 29
19 32
13 25
11 16
11 17
11 18
11 19
10 14
9 15
7 10
7 11
5 6
5 7

0 99 99
1 99 99
2 98 98
3 96 96
4 96 96
5 96 96
6 95 5 100
7 95 5 100
8 95 95
9 94 94
10 93 7 100
11 93 7 100
12 93 93
13 92 92
14 90 10 100
15 90 9 99
16 89 11 100
17 89 11 100
18 89 11 100
19 89 11 100
20 89 89
21 88 88
22 88 88
23 88 88
24 88 88
25 87 13 100
26 84 84
27 83 83
28 82 82
29 79 21 100
30 78 22 100
31 77 23 100
32 77 19 96
33 73 27 100
34 72 28 100
35 72 27 99
36 71 29 100
37 71 26 97
38 71 25 96
39 69 31 100
40 68 32 100
41 67 33 100
42 65 35 100
43 65 34 99
44 63 37 100
45 63 37 100
46 60 39 99
47 59 41 100
48 56 43 99
49 56 43 99
50 54 42 96
51 54 41 95
52 53 41 94
53 53 39 92
54 52 48 100
55 39 38 77
56 36 36 72
57 36 36 72
58 30 30 60

Best Fit Decreasing:
99 0
99 1
98 2
96 3
96 4
96 5
95 6
95 7
95 8
94 9
93 10
93 11
93 12
92 13
90 14
90 15
89 16
89 17
89 18
89 19
89 20
88 21
88 22
88 23
88 24
87 25
84 26
83 27
82 28
79 29
78 30
77 31
77 32
73 33
72 34
72 35
71 36
71 37
71 38
69 39
68 40
67 41
65 42
65 43
63 44
63 45
60 46
59 47
56 48
56 49
54 50
54 51
53 52
53 53
52 54
48 54
43 48
43 49
42 50
41 47
41 51
41 52
39 46
39 53
39 55
38 55
37 44
37 45
36 56
36 56
36 57
36 57
35 42
34 43
33 41
32 40
31 39
30 58
30 58
29 36
28 34
27 33
27 35
26 56
25 57
23 31
22 30
21 29
19 32
13 25
11 16
11 17
11 18
11 19
10 14
9 15
7 10
7 11
5 6
5 7

0 99 99
1 99 99
2 98 98
3 96 96
4 96 96
5 96 96
6 95 5 100
7 95 5 100
8 95 95
9 94 94
10 93 7 100
11 93 7 100
12 93 93
13 92 92
14 90 10 100
15 90 9 99
16 89 11 100
17 89 11 100
18 89 11 100
19 89 11 100
20 89 89
21 88 88
22 88 88
23 88 88
24 88 88
25 87 13 100
26 84 84
27 83 83
28 82 82
29 79 21 100
30 78 22 100
31 77 23 100
32 77 19 96
33 73 27 100
34 72 28 100
35 72 27 99
36 71 29 100
37 71 71
38 71 71
39 69 31 100
40 68 32 100
41 67 33 100
42 65 35 100
43 65 34 99
44 63 37 100
45 63 37 100
46 60 39 99
47 59 41 100
48 56 43 99
49 56 43 99
50 54 42 96
51 54 41 95
52 53 41 94
53 53 39 92
54 52 48 100
55 39 38 77
56 36 36 26 98
57 36 36 25 97
58 30 30 60

*Experiment #2*
98
23
7
38
66
44
16
56
94
56
89
30
44
9
77
89
38
29
65
2
22
86
59
29
50
92
39
60
13
26
98
62
100
4
99
17
100
14
72
45
70
13
74
65
73
3
5
11
83
70
64
4
55
22
84
56
66
22
15
78
99
12
92
50
68
90
67
67
4
90
11
25
2
36
41
75
38
45
37
21
14
52
76
20
74
60
75
91
33
41
68
32
53
11
33
72
1
99
38
56

Next Fit:
98 0
23 1
7 1
38 1
66 2
44 3
16 3
56 4
94 5
56 6
89 7
30 8
44 8
9 8
77 9
89 10
38 11
29 11
65 12
2 12
22 12
86 13
59 14
29 14
50 15
92 16
39 17
60 17
13 18
26 18
98 19
62 20
100 21
4 22
99 23
17 24
100 25
14 26
72 26
45 27
70 28
13 28
74 29
65 30
73 31
3 31
5 31
11 31
83 32
70 33
64 34
4 34
55 35
22 35
84 36
56 37
66 38
22 38
15 39
78 39
99 40
12 41
92 42
50 43
68 44
90 45
67 46
67 47
4 47
90 48
11 49
25 49
2 49
36 49
41 50
75 51
38 52
45 52
37 53
21 53
14 53
52 54
76 55
20 55
74 56
60 57
75 58
91 59
33 60
41 60
68 61
32 61
53 62
11 62
33 62
72 63
1 63
99 64
38 65
56 65

0 98 98
1 23 7 38 68
2 66 66
3 44 16 60
4 56 56
5 94 94
6 56 56
7 89 89
8 30 44 9 83
9 77 77
10 89 89
11 38 29 67
12 65 2 22 89
13 86 86
14 59 29 88
15 50 50
16 92 92
17 39 60 99
18 13 26 39
19 98 98
20 62 62
21 100 100
22 4 4
23 99 99
24 17 17
25 100 100
26 14 72 86
27 45 45
28 70 13 83
29 74 74
30 65 65
31 73 3 5 11 92
32 83 83
33 70 70
34 64 4 68
35 55 22 77
36 84 84
37 56 56
38 66 22 88
39 15 78 93
40 99 99
41 12 12
42 92 92
43 50 50
44 68 68
45 90 90
46 67 67
47 67 4 71
48 90 90
49 11 25 2 36 74
50 41 41
51 75 75
52 38 45 83
53 37 21 14 72
54 52 52
55 76 20 96
56 74 74
57 60 60
58 75 75
59 91 91
60 33 41 74
61 68 32 100
62 53 11 33 97
63 72 1 73
64 99 99
65 38 56 94

First Fit:
98 0
23 1
7 1
38 1
66 2
44 3
16 1
56 3
94 4
56 5
89 6
30 2
44 5
9 1
77 7
89 8
38 9
29 9
65 10
2 0
22 7
86 11
59 12
29 9
50 13
92 14
39 12
60 15
13 10
26 13
98 16
62 17
100 18
4 1
99 19
17 10
100 20
14 11
72 21
45 22
70 23
13 13
74 24
65 25
73 26
3 1
5 4
11 6
83 27
70 28
64 29
4 2
55 22
22 15
84 30
56 31
66 32
22 17
15 15
78 33
99 34
12 17
92 35
50 36
68 37
90 38
67 39
67 40
4 8
90 41
11 13
25 21
2 8
36 29
41 31
75 42
38 36
45 43
37 43
21 23
14 24
52 44
76 45
20 25
74 46
60 47
75 48
91 49
33 32
41 44
68 50
32 37
53 51
11 24
33 39
72 52
1 4
99 53
38 47
56 54

0 98 2 100
1 23 7 38 16 9 4 3 100
2 66 30 4 100
3 44 56 100
4 94 5 1 100
5 56 44 100
6 89 11 100
7 77 22 99
8 89 4 2 95
9 38 29 29 96
10 65 13 17 95
11 86 14 100
12 59 39 98
13 50 26 13 11 100
14 92 92
15 60 22 15 97
16 98 98
17 62 22 12 96
18 100 100
19 99 99
20 100 100
21 72 25 97
22 45 55 100
23 70 21 91
24 74 14 11 99
25 65 20 85
26 73 73
27 83 83
28 70 70
29 64 36 100
30 84 84
31 56 41 97
32 66 33 99
33 78 78
34 99 99
35 92 92
36 50 38 88
37 68 32 100
38 90 90
39 67 33 100
40 67 67
41 90 90
42 75 75
43 45 37 82
44 52 41 93
45 76 76
46 74 74
47 60 38 98
48 75 75
49 91 91
50 68 68
51 53 53
52 72 72
53 99 99
54 56 56

Best Fit:
98 0
23 1
7 1
38 1
66 2
44 3
16 1
56 3
94 4
56 5
89 6
30 2
44 5
9 6
77 7
89 8
38 9
29 9
65 10
2 0
22 7
86 11
59 12
29 9
50 13
92 14
39 12
60 15
13 11
26 10
98 16
62 17
100 18
4 2
99 19
17 17
100 20
14 1
72 21
45 13
70 22
13 17
74 23
65 24
73 25
3 9
5 13
11 8
83 26
70 27
64 28
4 4
55 29
22 23
84 30
56 31
66 32
22 25
15 30
78 33
99 34
12 26
92 35
50 36
68 37
90 38
67 39
67 40
4 23
90 41
11 33
25 21
2 1
36 28
41 31
75 42
38 15
45 29
37 36
21 42
14 22
52 43
76 44
20 44
74 45
60 46
75 47
91 48
33 39
41 43
68 49
32 37
53 50
11 33
33 40
72 51
1 7
99 52
38 46
56 53

0 98 2 100
1 23 7 38 16 14 2 100
2 66 30 4 100
3 44 56 100
4 94 4 98
5 56 44 100
6 89 9 98
7 77 22 1 100
8 89 11 100
9 38 29 29 3 99
10 65 26 91
11 86 13 99
12 59 39 98
13 50 45 5 100
14 92 92
15 60 38 98
16 98 98
17 62 17 13 92
18 100 100
19 99 99
20 100 100
21 72 25 97
22 70 14 84
23 74 22 4 100
24 65 65
25 73 22 95
26 83 12 95
27 70 70
28 64 36 100
29 55 45 100
30 84 15 99
31 56 41 97
32 66 66
33 78 11 11 100
34 99 99
35 92 92
36 50 37 87
37 68 32 100
38 90 90
39 67 33 100
40 67 33 100
41 90 90
42 75 21 96
43 52 41 93
44 76 20 96
45 74 74
46 60 38 98
47 75 75
48 91 91
49 68 68
50 53 53
51 72 72
52 99 99
53 56 56

First Fit Decreasing:
100 0
100 1
99 2
99 3
99 4
98 5
98 6
94 7
92 8
92 9
91 10
90 11
90 12
89 13
89 14
86 15
84 16
83 17
78 18
77 19
76 20
75 21
75 22
74 23
74 24
73 25
72 26
72 27
70 28
70 29
68 30
68 31
67 32
67 33
66 34
66 35
65 36
65 37
64 38
62 39
60 40
60 41
59 42
56 43
56 44
56 45
56 46
55 47
53 48
52 49
50 50
50 50
45 47
45 48
44 43
44 44
41 42
41 45
39 40
38 39
38 41
38 46
38 49
37 51
36 38
33 32
33 33
32 30
30 28
29 29
29 31
26 23
25 21
23 19
22 18
22 20
22 22
21 24
20 25
17 17
16 16
15 26
14 15
14 27
13 26
13 27
12 34
11 13
11 14
11 34
9 10
7 8
5 7
4 9
4 9
4 11
3 11
2 5
2 6
1 2

0 100 100
1 100 100
2 99 1 100
3 99 99
4 99 99
5 98 2 100
6 98 2 100
7 94 5 99
8 92 7 99
9 92 4 4 100
10 91 9 100
11 90 4 3 97
12 90 90
13 89 11 100
14 89 11 100
15 86 14 100
16 84 16 100
17 83 17 100
18 78 22 100
19 77 23 100
20 76 22 98
21 75 25 100
22 75 22 97
23 74 26 100
24 74 21 95
25 73 20 93
26 72 15 13 100
27 72 14 13 99
28 70 30 100
29 70 29 99
30 68 32 100
31 68 29 97
32 67 33 100
33 67 33 100
34 66 12 11 89
35 66 66
36 65 65
37 65 65
38 64 36 100
39 62 38 100
40 60 39 99
41 60 38 98
42 59 41 100
43 56 44 100
44 56 44 100
45 56 41 97
46 56 38 94
47 55 45 100
48 53 45 98
49 52 38 90
50 50 50 100
51 37 37

Best Fit Decreasing:
100 0
100 1
99 2
99 3
99 4
98 5
98 6
94 7
92 8
92 9
91 10
90 11
90 12
89 13
89 14
86 15
84 16
83 17
78 18
77 19
76 20
75 21
75 22
74 23
74 24
73 25
72 26
72 27
70 28
70 29
68 30
68 31
67 32
67 33
66 34
66 35
65 36
65 37
64 38
62 39
60 40
60 41
59 42
56 43
56 44
56 45
56 46
55 47
53 48
52 49
50 50
50 50
45 47
45 48
44 43
44 44
41 42
41 45
39 40
38 39
38 41
38 46
38 49
37 51
36 38
33 32
33 33
32 30
30 28
29 29
29 31
26 23
25 21
23 19
22 18
22 20
22 22
21 24
20 25
17 17
16 16
15 26
14 15
14 27
13 26
13 27
12 34
11 13
11 14
11 34
9 10
7 25
5 24
4 7
4 46
4 8
3 22
2 5
2 6
1 2

0 100 100
1 100 100
2 99 1 100
3 99 99
4 99 99
5 98 2 100
6 98 2 100
7 94 4 98
8 92 4 96
9 92 92
10 91 9 100
11 90 90
12 90 90
13 89 11 100
14 89 11 100
15 86 14 100
16 84 16 100
17 83 17 100
18 78 22 100
19 77 23 100
20 76 22 98
21 75 25 100
22 75 22 3 100
23 74 26 100
24 74 21 5 100
25 73 20 7 100
26 72 15 13 100
27 72 14 13 99
28 70 30 100
29 70 29 99
30 68 32 100
31 68 29 97
32 67 33 100
33 67 33 100
34 66 12 11 89
35 66 66
36 65 65
37 65 65
38 64 36 100
39 62 38 100
40 60 39 99
41 60 38 98
42 59 41 100
43 56 44 100
44 56 44 100
45 56 41 97
46 56 38 4 98
47 55 45 100
48 53 45 98
49 52 38 90
50 50 50 100
51 37 37

*Experiment #3*
89
100
80
42
87
72
16
77
16
4
49
82
56
24
53
81
35
28
71
68
20
90
51
24
1
35
95
1
34
84
56
74
35
87
15
22
58
83
98
25
38
98
6
93
21
59
73
8
38
43
27
57
33
29
81
33
63
27
85
48
11
92
21
45
78
88
18
87
22
67
11
59
64
69
4
37
27
76
96
16
71
22
24
55
50
56
39
64
83
23
12
45
66
84
41
95
23
59
81
96

Next Fit:
89 0
100 1
80 2
42 3
87 4
72 5
16 5
77 6
16 6
4 6
49 7
82 8
56 9
24 9
53 10
81 11
35 12
28 12
71 13
68 14
20 14
90 15
51 16
24 16
1 16
35 17
95 18
1 18
34 19
84 20
56 21
74 22
35 23
87 24
15 25
22 25
58 25
83 26
98 27
25 28
38 28
98 29
6 30
93 30
21 31
59 31
73 32
8 32
38 33
43 33
27 34
57 34
33 35
29 35
81 36
33 37
63 37
27 38
85 39
48 40
11 40
92 41
21 42
45 42
78 43
88 44
18 45
87 46
22 47
67 47
11 47
59 48
64 49
69 50
4 50
37 51
27 51
76 52
96 53
16 54
71 54
22 55
24 55
55 56
50 57
56 58
39 58
64 59
83 60
23 61
12 61
45 61
66 62
84 63
41 64
95 65
23 66
59 66
81 67
96 68

0 89 89
1 100 100
2 80 80
3 42 42
4 87 87
5 72 16 88
6 77 16 4 97
7 49 49
8 82 82
9 56 24 80
10 53 53
11 81 81
12 35 28 63
13 71 71
14 68 20 88
15 90 90
16 51 24 1 76
17 35 35
18 95 1 96
19 34 34
20 84 84
21 56 56
22 74 74
23 35 35
24 87 87
25 15 22 58 95
26 83 83
27 98 98
28 25 38 63
29 98 98
30 6 93 99
31 21 59 80
32 73 8 81
33 38 43 81
34 27 57 84
35 33 29 62
36 81 81
37 33 63 96
38 27 27
39 85 85
40 48 11 59
41 92 92
42 21 45 66
43 78 78
44 88 88
45 18 18
46 87 87
47 22 67 11 100
48 59 59
49 64 64
50 69 4 73
51 37 27 64
52 76 76
53 96 96
54 16 71 87
55 22 24 46
56 55 55
57 50 50
58 56 39 95
59 64 64
60 83 83
61 23 12 45 80
62 66 66
63 84 84
64 41 41
65 95 95
66 23 59 82
67 81 81
68 96 96

First Fit:
89 0
100 1
80 2
42 3
87 4
72 5
16 2
77 6
16 3
4 0
49 7
82 8
56 9
24 3
53 10
81 11
35 7
28 5
71 12
68 13
20 6
90 14
51 15
24 9
1 0
35 10
95 16
1 0
34 15
84 17
56 18
74 19
35 18
87 20
15 3
22 12
58 21
83 22
98 23
25 13
38 21
98 24
6 4
93 25
21 19
59 26
73 27
8 7
38 26
43 28
27 27
57 28
33 29
29 29
81 30
33 29
63 31
27 31
85 32
48 33
11 8
92 34
21 33
45 35
78 36
88 37
18 9
87 38
22 33
67 39
11 10
59 40
64 41
69 42
4 0
37 35
27 39
76 43
96 44
16 11
71 45
22 36
24 40
55 46
50 47
56 48
39 46
64 49
83 50
23 41
12 15
45 47
66 51
84 52
41 48
95 53
23 42
59 54
81 55
96 56

0 89 4 1 1 4 99
1 100 100
2 80 16 96
3 42 16 24 15 97
4 87 6 93
5 72 28 100
6 77 20 97
7 49 35 8 92
8 82 11 93
9 56 24 18 98
10 53 35 11 99
11 81 16 97
12 71 22 93
13 68 25 93
14 90 90
15 51 34 12 97
16 95 95
17 84 84
18 56 35 91
19 74 21 95
20 87 87
21 58 38 96
22 83 83
23 98 98
24 98 98
25 93 93
26 59 38 97
27 73 27 100
28 43 57 100
29 33 29 33 95
30 81 81
31 63 27 90
32 85 85
33 48 21 22 91
34 92 92
35 45 37 82
36 78 22 100
37 88 88
38 87 87
39 67 27 94
40 59 24 83
41 64 23 87
42 69 23 92
43 76 76
44 96 96
45 71 71
46 55 39 94
47 50 45 95
48 56 41 97
49 64 64
50 83 83
51 66 66
52 84 84
53 95 95
54 59 59
55 81 81
56 96 96

Best Fit:
89 0
100 1
80 2
42 3
87 4
72 5
16 2
77 6
16 6
4 2
49 3
82 7
56 8
24 5
53 9
81 10
35 8
28 9
71 11
68 12
20 11
90 13
51 14
24 12
1 5
35 14
95 15
1 5
34 16
84 17
56 16
74 18
35 19
87 20
15 17
22 18
58 19
83 21
98 22
25 23
38 23
98 24
6 6
93 25
21 23
59 26
73 27
8 12
38 26
43 28
27 27
57 28
33 29
29 29
81 30
33 29
63 31
27 31
85 32
48 33
11 0
92 34
21 33
45 35
78 36
88 37
18 7
87 38
22 36
67 39
11 37
59 40
64 41
69 42
4 18
37 40
27 33
76 43
96 44
16 23
71 45
22 43
24 45
55 35
50 46
56 47
39 47
64 48
83 49
23 42
12 4
45 46
66 50
84 51
41 52
95 53
23 39
59 52
81 54
96 55

0 89 11 100
1 100 100
2 80 16 4 100
3 42 49 91
4 87 12 99
5 72 24 1 1 98
6 77 16 6 99
7 82 18 100
8 56 35 91
9 53 28 81
10 81 81
11 71 20 91
12 68 24 8 100
13 90 90
14 51 35 86
15 95 95
16 34 56 90
17 84 15 99
18 74 22 4 100
19 35 58 93
20 87 87
21 83 83
22 98 98
23 25 38 21 16 100
24 98 98
25 93 93
26 59 38 97
27 73 27 100
28 43 57 100
29 33 29 33 95
30 81 81
31 63 27 90
32 85 85
33 48 21 27 96
34 92 92
35 45 55 100
36 78 22 100
37 88 11 99
38 87 87
39 67 23 90
40 59 37 96
41 64 64
42 69 23 92
43 76 22 98
44 96 96
45 71 24 95
46 50 45 95
47 56 39 95
48 64 64
49 83 83
50 66 66
51 84 84
52 41 59 100
53 95 95
54 81 81
55 96 96

First Fit Decreasing:
100 0
98 1
98 2
96 3
96 4
95 5
95 6
93 7
92 8
90 9
89 10
88 11
87 12
87 13
87 14
85 15
84 16
84 17
83 18
83 19
82 20
81 21
81 22
81 23
80 24
78 25
77 26
76 27
74 28
73 29
72 30
71 31
71 32
69 33
68 34
67 35
66 36
64 37
64 38
63 39
59 40
59 41
59 42
58 43
57 44
56 45
56 46
56 47
55 48
53 49
51 50
50 51
49 50
48 51
45 48
45 49
43 44
42 43
41 40
39 41
38 42
38 45
37 39
35 37
35 38
35 46
34 36
33 35
33 47
29 31
28 30
27 29
27 32
27 33
25 28
24 27
24 34
24 52
23 26
23 52
22 25
22 52
22 52
21 53
21 53
20 24
18 20
16 16
16 17
16 18
15 15
12 11
11 10
11 12
8 8
6 7
4 3
4 4
1 1
1 1

0 100 100
1 98 1 1 100
2 98 98
3 96 4 100
4 96 4 100
5 95 95
6 95 95
7 93 6 99
8 92 8 100
9 90 90
10 89 11 100
11 88 12 100
12 87 11 98
13 87 87
14 87 87
15 85 15 100
16 84 16 100
17 84 16 100
18 83 16 99
19 83 83
20 82 18 100
21 81 81
22 81 81
23 81 81
24 80 20 100
25 78 22 100
26 77 23 100
27 76 24 100
28 74 25 99
29 73 27 100
30 72 28 100
31 71 29 100
32 71 27 98
33 69 27 96
34 68 24 92
35 67 33 100
36 66 34 100
37 64 35 99
38 64 35 99
39 63 37 100
40 59 41 100
41 59 39 98
42 59 38 97
43 58 42 100
44 57 43 100
45 56 38 94
46 56 35 91
47 56 33 89
48 55 45 100
49 53 45 98
50 51 49 100
51 50 48 98
52 24 23 22 22 91
53 21 21 42

Best Fit Decreasing:
100 0
98 1
98 2
96 3
96 4
95 5
95 6
93 7
92 8
90 9
89 10
88 11
87 12
87 13
87 14
85 15
84 16
84 17
83 18
83 19
82 20
81 21
81 22
81 23
80 24
78 25
77 26
76 27
74 28
73 29
72 30
71 31
71 32
69 33
68 34
67 35
66 36
64 37
64 38
63 39
59 40
59 41
59 42
58 43
57 44
56 45
56 46
56 47
55 48
53 49
51 50
50 51
49 50
48 51
45 48
45 49
43 44
42 43
41 40
39 41
38 42
38 45
37 39
35 37
35 38
35 46
34 36
33 35
33 47
29 31
28 30
27 29
27 32
27 33
25 28
24 27
24 34
24 52
23 26
23 52
22 25
22 52
22 52
21 53
21 53
20 24
18 20
16 16
16 17
16 18
15 15
12 11
11 10
11 47
8 8
6 45
4 3
4 4
1 18
1 28

0 100 100
1 98 98
2 98 98
3 96 4 100
4 96 4 100
5 95 95
6 95 95
7 93 93
8 92 8 100
9 90 90
10 89 11 100
11 88 12 100
12 87 87
13 87 87
14 87 87
15 85 15 100
16 84 16 100
17 84 16 100
18 83 16 1 100
19 83 83
20 82 18 100
21 81 81
22 81 81
23 81 81
24 80 20 100
25 78 22 100
26 77 23 100
27 76 24 100
28 74 25 1 100
29 73 27 100
30 72 28 100
31 71 29 100
32 71 27 98
33 69 27 96
34 68 24 92
35 67 33 100
36 66 34 100
37 64 35 99
38 64 35 99
39 63 37 100
40 59 41 100
41 59 39 98
42 59 38 97
43 58 42 100
44 57 43 100
45 56 38 6 100
46 56 35 91
47 56 33 11 100
48 55 45 100
49 53 45 98
50 51 49 100
51 50 48 98
52 24 23 22 22 91
53 21 21 42

*Experiment #4*
77
43
55
41
11
10
29
89
37
24
56
7
45
80
61
46
35
51
61
69
25
72
13
90
8
54
84
82
64
16
78
40
59
84
32
21
93
60
62
29
83
17
88
79
48
100
76
35
51
37
3
75
60
68
17
19
21
100
1
36
68
30
75
26
13
7
98
57
18
11
37
53
80
24
83
27
76
59
13
26
47
16
52
6
35
68
25
7
20
77
42
87
6
16
64
18
74
13
26
92

Next Fit:
77 0
43 1
55 1
41 2
11 2
10 2
29 2
89 3
37 4
24 4
56 5
7 5
45 6
80 7
61 8
46 9
35 9
51 10
61 11
69 12
25 12
72 13
13 13
90 14
8 14
54 15
84 16
82 17
64 18
16 18
78 19
40 20
59 20
84 21
32 22
21 22
93 23
60 24
62 25
29 25
83 26
17 26
88 27
79 28
48 29
100 30
76 31
35 32
51 32
37 33
3 33
75 34
60 35
68 36
17 36
19 37
21 37
100 38
1 39
36 39
68 40
30 40
75 41
26 42
13 42
7 42
98 43
57 44
18 44
11 44
37 45
53 45
80 46
24 47
83 48
27 49
76 50
59 51
13 51
26 51
47 52
16 52
52 53
6 53
35 53
68 54
25 54
7 54
20 55
77 55
42 56
87 57
6 57
16 58
64 58
18 58
74 59
13 59
26 60
92 61

0 77 77
1 43 55 98
2 41 11 10 29 91
3 89 89
4 37 24 61
5 56 7 63
6 45 45
7 80 80
8 61 61
9 46 35 81
10 51 51
11 61 61
12 69 25 94
13 72 13 85
14 90 8 98
15 54 54
16 84 84
17 82 82
18 64 16 80
19 78 78
20 40 59 99
21 84 84
22 32 21 53
23 93 93
24 60 60
25 62 29 91
26 83 17 100
27 88 88
28 79 79
29 48 48
30 100 100
31 76 76
32 35 51 86
33 37 3 40
34 75 75
35 60 60
36 68 17 85
37 19 21 40
38 100 100
39 1 36 37
40 68 30 98
41 75 75
42 26 13 7 46
43 98 98
44 57 18 11 86
45 37 53 90
46 80 80
47 24 24
48 83 83
49 27 27
50 76 76
51 59 13 26 98
52 47 16 63
53 52 6 35 93
54 68 25 7 100
55 20 77 97
56 42 42
57 87 6 93
58 16 64 18 98
59 74 13 87
60 26 26
61 92 92

First Fit:
77 0
43 1
55 1
41 2
11 0
10 0
29 2
89 3
37 4
24 2
56 4
7 3
45 5
80 6
61 7
46 5
35 7
51 8
61 9
69 10
25 8
72 11
13 6
90 12
8 5
54 13
84 14
82 15
64 16
16 8
78 17
40 13
59 18
84 19
32 9
21 10
93 20
60 21
62 22
29 16
83 23
17 11
88 24
79 25
48 26
100 27
76 28
35 18
51 26
37 21
3 2
75 29
60 30
68 31
17 15
19 17
21 22
100 32
1 0
36 30
68 33
30 31
75 34
26 33
13 14
7 4
98 35
57 36
18 25
11 11
37 36
53 37
80 38
24 28
83 39
27 37
76 40
59 41
13 19
26 41
47 42
16 22
52 42
6 6
35 43
68 44
25 29
7 8
20 34
77 45
42 43
87 46
6 9
16 23
64 47
18 37
74 48
13 38
26 44
92 49

0 77 11 10 1 99
1 43 55 98
2 41 29 24 3 97
3 89 7 96
4 37 56 7 100
5 45 46 8 99
6 80 13 6 99
7 61 35 96
8 51 25 16 7 99
9 61 32 6 99
10 69 21 90
11 72 17 11 100
12 90 90
13 54 40 94
14 84 13 97
15 82 17 99
16 64 29 93
17 78 19 97
18 59 35 94
19 84 13 97
20 93 93
21 60 37 97
22 62 21 16 99
23 83 16 99
24 88 88
25 79 18 97
26 48 51 99
27 100 100
28 76 24 100
29 75 25 100
30 60 36 96
31 68 30 98
32 100 100
33 68 26 94
34 75 20 95
35 98 98
36 57 37 94
37 53 27 18 98
38 80 13 93
39 83 83
40 76 76
41 59 26 85
42 47 52 99
43 35 42 77
44 68 26 94
45 77 77
46 87 87
47 64 64
48 74 74
49 92 92

Best Fit:
77 0
43 1
55 1
41 2
11 0
10 0
29 2
89 3
37 4
24 2
56 4
7 4
45 5
80 6
61 7
46 5
35 7
51 8
61 9
69 10
25 10
72 11
13 6
90 12
8 5
54 13
84 14
82 15
64 16
16 14
78 17
40 13
59 18
84 19
32 16
21 17
93 20
60 21
62 22
29 22
83 23
17 23
88 24
79 25
48 8
100 26
76 27
35 9
51 28
37 21
3 21
75 29
60 30
68 31
17 15
19 25
21 27
100 32
1 5
36 30
68 33
30 31
75 34
26 11
13 19
7 6
98 35
57 36
18 29
11 3
37 18
53 37
80 38
24 34
83 39
27 33
76 40
59 41
13 39
26 41
47 37
16 38
52 42
6 2
35 36
68 43
25 43
7 20
20 40
77 44
42 42
87 45
6 10
16 44
64 46
18 46
74 47
13 45
26 47
92 48

0 77 11 10 98
1 43 55 98
2 41 29 24 6 100
3 89 11 100
4 37 56 7 100
5 45 46 8 1 100
6 80 13 7 100
7 61 35 96
8 51 48 99
9 61 35 96
10 69 25 6 100
11 72 26 98
12 90 90
13 54 40 94
14 84 16 100
15 82 17 99
16 64 32 96
17 78 21 99
18 59 37 96
19 84 13 97
20 93 7 100
21 60 37 3 100
22 62 29 91
23 83 17 100
24 88 88
25 79 19 98
26 100 100
27 76 21 97
28 51 51
29 75 18 93
30 60 36 96
31 68 30 98
32 100 100
33 68 27 95
34 75 24 99
35 98 98
36 57 35 92
37 53 47 100
38 80 16 96
39 83 13 96
40 76 20 96
41 59 26 85
42 52 42 94
43 68 25 93
44 77 16 93
45 87 13 100
46 64 18 82
47 74 26 100
48 92 92

First Fit Decreasing:
100 0
100 1
98 2
93 3
92 4
90 5
89 6
88 7
87 8
84 9
84 10
83 11
83 12
82 13
80 14
80 15
79 16
78 17
77 18
77 19
76 20
76 21
75 22
75 23
74 24
72 25
69 26
68 27
68 28
68 29
64 30
64 31
62 32
61 33
61 34
60 35
60 36
59 37
59 38
57 39
56 40
55 41
54 42
53 43
52 44
51 45
51 46
48 44
47 43
46 42
45 41
43 39
42 40
41 37
40 35
37 32
37 33
37 34
36 30
35 31
35 36
35 38
32 27
30 26
29 28
29 29
27 25
26 24
26 45
26 46
25 22
25 23
24 20
24 21
21 16
21 17
20 14
19 15
18 13
18 18
17 11
17 12
16 9
16 10
16 19
13 8
13 45
13 46
13 47
11 6
11 7
10 5
8 4
7 3
7 19
7 45
6 38
6 46
3 18
1 2

0 100 100
1 100 100
2 98 1 99
3 93 7 100
4 92 8 100
5 90 10 100
6 89 11 100
7 88 11 99
8 87 13 100
9 84 16 100
10 84 16 100
11 83 17 100
12 83 17 100
13 82 18 100
14 80 20 100
15 80 19 99
16 79 21 100
17 78 21 99
18 77 18 3 98
19 77 16 7 100
20 76 24 100
21 76 24 100
22 75 25 100
23 75 25 100
24 74 26 100
25 72 27 99
26 69 30 99
27 68 32 100
28 68 29 97
29 68 29 97
30 64 36 100
31 64 35 99
32 62 37 99
33 61 37 98
34 61 37 98
35 60 40 100
36 60 35 95
37 59 41 100
38 59 35 6 100
39 57 43 100
40 56 42 98
41 55 45 100
42 54 46 100
43 53 47 100
44 52 48 100
45 51 26 13 7 97
46 51 26 13 6 96
47 13 13

Best Fit Decreasing:
100 0
100 1
98 2
93 3
92 4
90 5
89 6
88 7
87 8
84 9
84 10
83 11
83 12
82 13
80 14
80 15
79 16
78 17
77 18
77 19
76 20
76 21
75 22
75 23
74 24
72 25
69 26
68 27
68 28
68 29
64 30
64 31
62 32
61 33
61 34
60 35
60 36
59 37
59 38
57 39
56 40
55 41
54 42
53 43
52 44
51 45
51 46
48 44
47 43
46 42
45 41
43 39
42 40
41 37
40 35
37 32
37 33
37 34
36 30
35 31
35 36
35 38
32 27
30 26
29 28
29 29
27 25
26 24
26 45
26 46
25 22
25 23
24 20
24 21
21 16
21 17
20 14
19 15
18 13
18 18
17 11
17 12
16 9
16 10
16 19
13 8
13 45
13 46
13 47
11 6
11 7
10 5
8 4
7 3
7 19
7 45
6 38
6 46
3 28
1 7

0 100 100
1 100 100
2 98 98
3 93 7 100
4 92 8 100
5 90 10 100
6 89 11 100
7 88 11 1 100
8 87 13 100
9 84 16 100
10 84 16 100
11 83 17 100
12 83 17 100
13 82 18 100
14 80 20 100
15 80 19 99
16 79 21 100
17 78 21 99
18 77 18 95
19 77 16 7 100
20 76 24 100
21 76 24 100
22 75 25 100
23 75 25 100
24 74 26 100
25 72 27 99
26 69 30 99
27 68 32 100
28 68 29 3 100
29 68 29 97
30 64 36 100
31 64 35 99
32 62 37 99
33 61 37 98
34 61 37 98
35 60 40 100
36 60 35 95
37 59 41 100
38 59 35 6 100
39 57 43 100
40 56 42 98
41 55 45 100
42 54 46 100
43 53 47 100
44 52 48 100
45 51 26 13 7 97
46 51 26 13 6 96
47 13 13

*Experiment #5*
24
62
44
55
86
26
81
61
36
46
38
82
61
41
88
47
61
64
53
80
40
94
18
97
9
33
14
35
45
39
26
20
100
21
74
37
98
7
49
34
52
86
67
64
27
6
10
87
21
62
18
60
55
35
56
15
67
21
49
63
11
26
83
63
98
56
51
96
62
100
81
13
37
99
76
15
5
37
53
25
98
70
37
4
56
44
19
74
17
19
37
27
45
71
41
94
78
92
89
40

Next Fit:
24 0
62 0
44 1
55 1
86 2
26 3
81 4
61 5
36 5
46 6
38 6
82 7
61 8
41 9
88 10
47 11
61 12
64 13
53 14
80 15
40 16
94 17
18 18
97 19
9 20
33 20
14 20
35 20
45 21
39 21
26 22
20 22
100 23
21 24
74 24
37 25
98 26
7 27
49 27
34 27
52 28
86 29
67 30
64 31
27 31
6 31
10 32
87 32
21 33
62 33
18 34
60 34
55 35
35 35
56 36
15 36
67 37
21 37
49 38
63 39
11 39
26 39
83 40
63 41
98 42
56 43
51 44
96 45
62 46
100 47
81 48
13 48
37 49
99 50
76 51
15 51
5 51
37 52
53 52
25 53
98 54
70 55
37 56
4 56
56 56
44 57
19 57
74 58
17 58
19 59
37 59
27 59
45 60
71 61
41 62
94 63
78 64
92 65
89 66
40 67

0 24 62 86
1 44 55 99
2 86 86
3 26 26
4 81 81
5 61 36 97
6 46 38 84
7 82 82
8 61 61
9 41 41
10 88 88
11 47 47
12 61 61
13 64 64
14 53 53
15 80 80
16 40 40
17 94 94
18 18 18
19 97 97
20 9 33 14 35 91
21 45 39 84
22 26 20 46
23 100 100
24 21 74 95
25 37 37
26 98 98
27 7 49 34 90
28 52 52
29 86 86
30 67 67
31 64 27 6 97
32 10 87 97
33 21 62 83
34 18 60 78
35 55 35 90
36 56 15 71
37 67 21 88
38 49 49
39 63 11 26 100
40 83 83
41 63 63
42 98 98
43 56 56
44 51 51
45 96 96
46 62 62
47 100 100
48 81 13 94
49 37 37
50 99 99
51 76 15 5 96
52 37 53 90
53 25 25
54 98 98
55 70 70
56 37 4 56 97
57 44 19 63
58 74 17 91
59 19 37 27 83
60 45 45
61 71 71
62 41 41
63 94 94
64 78 78
65 92 92
66 89 89
67 40 40

First Fit:
24 0
62 0
44 1
55 1
86 2
26 3
81 4
61 3
36 5
46 5
38 6
82 7
61 6
41 8
88 9
47 8
61 10
64 11
53 12
80 13
40 12
94 14
18 4
97 15
9 0
33 10
14 2
35 11
45 16
39 16
26 17
20 13
100 18
21 17
74 19
37 17
98 20
7 3
49 21
34 21
52 22
86 23
67 24
64 25
27 22
6 3
10 5
87 26
21 19
62 27
18 7
60 28
55 29
35 25
56 30
15 16
67 31
21 22
49 32
63 33
11 8
26 24
83 34
63 35
98 36
56 37
51 32
96 38
62 39
100 40
81 41
13 17
37 27
99 42
76 43
15 21
5 0
37 28
53 44
25 29
98 45
70 46
37 30
4 5
56 47
44 37
19 29
74 48
17 31
19 33
37 35
27 39
45 44
71 49
41 47
94 50
78 51
92 52
89 53
40 54

0 24 62 9 5 100
1 44 55 99
2 86 14 100
3 26 61 7 6 100
4 81 18 99
5 36 46 10 4 96
6 38 61 99
7 82 18 100
8 41 47 11 99
9 88 88
10 61 33 94
11 64 35 99
12 53 40 93
13 80 20 100
14 94 94
15 97 97
16 45 39 15 99
17 26 21 37 13 97
18 100 100
19 74 21 95
20 98 98
21 49 34 15 98
22 52 27 21 100
23 86 86
24 67 26 93
25 64 35 99
26 87 87
27 62 37 99
28 60 37 97
29 55 25 19 99
30 56 37 93
31 67 17 84
32 49 51 100
33 63 19 82
34 83 83
35 63 37 100
36 98 98
37 56 44 100
38 96 96
39 62 27 89
40 100 100
41 81 81
42 99 99
43 76 76
44 53 45 98
45 98 98
46 70 70
47 56 41 97
48 74 74
49 71 71
50 94 94
51 78 78
52 92 92
53 89 89
54 40 40

Best Fit:
24 0
62 0
44 1
55 1
86 2
26 3
81 4
61 3
36 5
46 5
38 6
82 7
61 6
41 8
88 9
47 8
61 10
64 11
53 12
80 13
40 12
94 14
18 5
97 15
9 8
33 11
14 0
35 10
45 16
39 16
26 17
20 13
100 18
21 17
74 19
37 17
98 20
7 12
49 21
34 21
52 22
86 23
67 24
64 25
27 24
6 14
10 9
87 26
21 19
62 27
18 7
60 28
55 29
35 25
56 30
15 16
67 31
21 31
49 32
63 33
11 31
26 33
83 34
63 35
98 36
56 37
51 32
96 38
62 39
100 40
81 41
13 3
37 35
99 42
76 43
15 17
5 19
37 27
53 44
25 39
98 45
70 46
37 28
4 10
56 47
44 30
19 4
74 48
17 21
19 41
37 37
27 46
45 29
71 49
41 47
94 50
78 51
92 52
89 53
40 44

0 24 62 14 100
1 44 55 99
2 86 86
3 26 61 13 100
4 81 19 100
5 36 46 18 100
6 38 61 99
7 82 18 100
8 41 47 9 97
9 88 10 98
10 61 35 4 100
11 64 33 97
12 53 40 7 100
13 80 20 100
14 94 6 100
15 97 97
16 45 39 15 99
17 26 21 37 15 99
18 100 100
19 74 21 5 100
20 98 98
21 49 34 17 100
22 52 52
23 86 86
24 67 27 94
25 64 35 99
26 87 87
27 62 37 99
28 60 37 97
29 55 45 100
30 56 44 100
31 67 21 11 99
32 49 51 100
33 63 26 89
34 83 83
35 63 37 100
36 98 98
37 56 37 93
38 96 96
39 62 25 87
40 100 100
41 81 19 100
42 99 99
43 76 76
44 53 40 93
45 98 98
46 70 27 97
47 56 41 97
48 74 74
49 71 71
50 94 94
51 78 78
52 92 92
53 89 89

First Fit Decreasing:
100 0
100 1
99 2
98 3
98 4
98 5
97 6
96 7
94 8
94 9
92 10
89 11
88 12
87 13
86 14
86 15
83 16
82 17
81 18
81 19
80 20
78 21
76 22
74 23
74 24
71 25
70 26
67 27
67 28
64 29
64 30
63 31
63 32
62 33
62 34
62 35
61 36
61 37
61 38
60 39
56 40
56 41
56 42
55 43
55 44
53 45
53 46
52 47
51 48
49 48
49 49
47 45
46 46
45 43
45 44
44 40
44 41
41 42
41 47
40 39
40 49
39 36
38 33
37 31
37 32
37 34
37 35
37 37
36 29
35 30
35 38
34 50
33 27
27 25
27 26
26 23
26 24
26 28
25 50
24 22
21 21
21 50
21 51
20 20
19 18
19 19
18 17
18 50
17 16
15 51
15 51
14 14
13 13
11 11
10 12
9 15
7 10
6 8
5 9
4 7

0 100 100
1 100 100
2 99 99
3 98 98
4 98 98
5 98 98
6 97 97
7 96 4 100
8 94 6 100
9 94 5 99
10 92 7 99
11 89 11 100
12 88 10 98
13 87 13 100
14 86 14 100
15 86 9 95
16 83 17 100
17 82 18 100
18 81 19 100
19 81 19 100
20 80 20 100
21 78 21 99
22 76 24 100
23 74 26 100
24 74 26 100
25 71 27 98
26 70 27 97
27 67 33 100
28 67 26 93
29 64 36 100
30 64 35 99
31 63 37 100
32 63 37 100
33 62 38 100
34 62 37 99
35 62 37 99
36 61 39 100
37 61 37 98
38 61 35 96
39 60 40 100
40 56 44 100
41 56 44 100
42 56 41 97
43 55 45 100
44 55 45 100
45 53 47 100
46 53 46 99
47 52 41 93
48 51 49 100
49 49 40 89
50 34 25 21 18 98
51 21 15 15 51

Best Fit Decreasing:
100 0
100 1
99 2
98 3
98 4
98 5
97 6
96 7
94 8
94 9
92 10
89 11
88 12
87 13
86 14
86 15
83 16
82 17
81 18
81 19
80 20
78 21
76 22
74 23
74 24
71 25
70 26
67 27
67 28
64 29
64 30
63 31
63 32
62 33
62 34
62 35
61 36
61 37
61 38
60 39
56 40
56 41
56 42
55 43
55 44
53 45
53 46
52 47
51 48
49 48
49 49
47 45
46 46
45 43
45 44
44 40
44 41
41 42
41 47
40 39
40 49
39 36
38 33
37 31
37 32
37 34
37 35
37 37
36 29
35 30
35 38
34 50
33 27
27 25
27 26
26 23
26 24
26 28
25 50
24 22
21 21
21 50
21 51
20 20
19 18
19 19
18 17
18 50
17 16
15 51
15 51
14 14
13 13
11 11
10 49
9 12
7 28
6 8
5 9
4 7

0 100 100
1 100 100
2 99 99
3 98 98
4 98 98
5 98 98
6 97 97
7 96 4 100
8 94 6 100
9 94 5 99
10 92 92
11 89 11 100
12 88 9 97
13 87 13 100
14 86 14 100
15 86 86
16 83 17 100
17 82 18 100
18 81 19 100
19 81 19 100
20 80 20 100
21 78 21 99
22 76 24 100
23 74 26 100
24 74 26 100
25 71 27 98
26 70 27 97
27 67 33 100
28 67 26 7 100
29 64 36 100
30 64 35 99
31 63 37 100
32 63 37 100
33 62 38 100
34 62 37 99
35 62 37 99
36 61 39 100
37 61 37 98
38 61 35 96
39 60 40 100
40 56 44 100
41 56 44 100
42 56 41 97
43 55 45 100
44 55 45 100
45 53 47 100
46 53 46 99
47 52 41 93
48 51 49 100
49 49 40 10 99
50 34 25 21 18 98
51 21 15 15 51

*Experiment #6*
91
21
4
27
20
32
94
76
68
46
100
18
16
88
21
23
32
39
97
48
10
85
26
6
7
67
99
84
10
40
23
100
60
79
78
31
62
71
6
29
69
58
98
84
45
19
58
76
9
54
75
18
90
1
23
96
19
74
80
28
13
54
79
24
32
8
55
45
31
12
74
99
69
71
34
14
41
91
41
50
97
68
19
86
68
94
34
38
67
13
17
31
18
95
54
2
54
60
46
84

Next Fit:
91 0
21 1
4 1
27 1
20 1
32 2
94 3
76 4
68 5
46 6
100 7
18 8
16 8
88 9
21 10
23 10
32 10
39 11
97 12
48 13
10 13
85 14
26 15
6 15
7 15
67 16
99 17
84 18
10 18
40 19
23 19
100 20
60 21
79 22
78 23
31 24
62 24
71 25
6 25
29 26
69 26
58 27
98 28
84 29
45 30
19 30
58 31
76 32
9 32
54 33
75 34
18 34
90 35
1 35
23 36
96 37
19 38
74 38
80 39
28 40
13 40
54 40
79 41
24 42
32 42
8 42
55 43
45 43
31 44
12 44
74 45
99 46
69 47
71 48
34 49
14 49
41 49
91 50
41 51
50 51
97 52
68 53
19 53
86 54
68 55
94 56
34 57
38 57
67 58
13 58
17 58
31 59
18 59
95 60
54 61
2 61
54 62
60 63
46 64
84 65

0 91 91
1 21 4 27 20 72
2 32 32
3 94 94
4 76 76
5 68 68
6 46 46
7 100 100
8 18 16 34
9 88 88
10 21 23 32 76
11 39 39
12 97 97
13 48 10 58
14 85 85
15 26 6 7 39
16 67 67
17 99 99
18 84 10 94
19 40 23 63
20 100 100
21 60 60
22 79 79
23 78 78
24 31 62 93
25 71 6 77
26 29 69 98
27 58 58
28 98 98
29 84 84
30 45 19 64
31 58 58
32 76 9 85
33 54 54
34 75 18 93
35 90 1 91
36 23 23
37 96 96
38 19 74 93
39 80 80
40 28 13 54 95
41 79 79
42 24 32 8 64
43 55 45 100
44 31 12 43
45 74 74
46 99 99
47 69 69
48 71 71
49 34 14 41 89
50 91 91
51 41 50 91
52 97 97
53 68 19 87
54 86 86
55 68 68
56 94 94
57 34 38 72
58 67 13 17 97
59 31 18 49
60 95 95
61 54 2 56
62 54 54
63 60 60
64 46 46
65 84 84

First Fit:
91 0
21 1
4 0
27 1
20 1
32 1
94 2
76 3
68 4
46 5
100 6
18 3
16 4
88 7
21 5
23 5
32 8
39 8
97 9
48 10
10 4
85 11
26 8
6 2
7 5
67 12
99 13
84 14
10 7
40 10
23 12
100 15
60 16
79 17
78 18
31 16
62 19
71 20
6 3
29 19
69 21
58 22
98 23
84 24
45 25
19 17
58 26
76 27
9 10
54 25
75 28
18 18
90 29
1 0
23 20
96 30
19 21
74 31
80 32
28 22
13 11
54 33
79 34
24 26
32 33
8 12
55 35
45 35
31 36
12 14
74 37
99 38
69 36
71 39
34 40
14 22
41 40
91 41
41 42
50 42
97 43
68 44
19 27
86 45
68 46
94 47
34 48
38 48
67 49
13 24
17 26
31 44
18 28
95 50
54 51
2 0
54 52
60 53
46 51
84 54

0 91 4 1 2 98
1 21 27 20 32 100
2 94 6 100
3 76 18 6 100
4 68 16 10 94
5 46 21 23 7 97
6 100 100
7 88 10 98
8 32 39 26 97
9 97 97
10 48 40 9 97
11 85 13 98
12 67 23 8 98
13 99 99
14 84 12 96
15 100 100
16 60 31 91
17 79 19 98
18 78 18 96
19 62 29 91
20 71 23 94
21 69 19 88
22 58 28 14 100
23 98 98
24 84 13 97
25 45 54 99
26 58 24 17 99
27 76 19 95
28 75 18 93
29 90 90
30 96 96
31 74 74
32 80 80
33 54 32 86
34 79 79
35 55 45 100
36 31 69 100
37 74 74
38 99 99
39 71 71
40 34 41 75
41 91 91
42 41 50 91
43 97 97
44 68 31 99
45 86 86
46 68 68
47 94 94
48 34 38 72
49 67 67
50 95 95
51 54 46 100
52 54 54
53 60 60
54 84 84

Best Fit:
91 0
21 1
4 0
27 1
20 1
32 1
94 2
76 3
68 4
46 5
100 6
18 3
16 4
88 7
21 5
23 5
32 8
39 8
97 9
48 10
10 5
85 11
26 8
6 2
7 7
67 12
99 13
84 14
10 11
40 10
23 12
100 15
60 16
79 17
78 18
31 16
62 19
71 20
6 3
29 20
69 21
58 22
98 23
84 24
45 25
19 17
58 26
76 27
9 16
54 25
75 28
18 18
90 29
1 13
23 27
96 30
19 28
74 31
80 32
28 21
13 4
54 33
79 34
24 31
32 19
8 12
55 35
45 35
31 22
12 10
74 36
99 37
69 38
71 39
34 26
14 14
41 33
91 40
41 41
50 41
97 42
68 43
19 32
86 44
68 45
94 46
34 47
38 47
67 48
13 44
17 34
31 38
18 36
95 49
54 50
2 12
54 51
60 52
46 50
84 53

0 91 4 95
1 21 27 20 32 100
2 94 6 100
3 76 18 6 100
4 68 16 13 97
5 46 21 23 10 100
6 100 100
7 88 7 95
8 32 39 26 97
9 97 97
10 48 40 12 100
11 85 10 95
12 67 23 8 2 100
13 99 1 100
14 84 14 98
15 100 100
16 60 31 9 100
17 79 19 98
18 78 18 96
19 62 32 94
20 71 29 100
21 69 28 97
22 58 31 89
23 98 98
24 84 84
25 45 54 99
26 58 34 92
27 76 23 99
28 75 19 94
29 90 90
30 96 96
31 74 24 98
32 80 19 99
33 54 41 95
34 79 17 96
35 55 45 100
36 74 18 92
37 99 99
38 69 31 100
39 71 71
40 91 91
41 41 50 91
42 97 97
43 68 68
44 86 13 99
45 68 68
46 94 94
47 34 38 72
48 67 67
49 95 95
50 54 46 100
51 54 54
52 60 60
53 84 84

First Fit Decreasing:
100 0
100 1
99 2
99 3
98 4
97 5
97 6
96 7
95 8
94 9
94 10
91 11
91 12
90 13
88 14
86 15
85 16
84 17
84 18
84 19
80 20
79 21
79 22
78 23
76 24
76 25
75 26
74 27
74 28
71 29
71 30
69 31
69 32
68 33
68 34
68 35
67 36
67 37
62 38
60 39
60 40
58 41
58 42
55 43
54 44
54 45
54 46
54 47
50 48
48 48
46 44
46 45
45 43
45 46
41 41
41 42
40 39
39 40
38 38
34 47
34 49
32 33
32 34
32 35
31 31
31 32
31 36
29 29
28 30
27 37
26 27
24 24
23 25
23 26
23 28
21 21
21 22
20 20
19 23
19 49
19 49
18 49
18 50
18 50
17 50
16 17
14 15
13 16
13 18
12 14
10 13
10 19
9 11
8 12
7 47
6 9
6 10
4 7
2 4
1 2

0 100 100
1 100 100
2 99 1 100
3 99 99
4 98 2 100
5 97 97
6 97 97
7 96 4 100
8 95 95
9 94 6 100
10 94 6 100
11 91 9 100
12 91 8 99
13 90 10 100
14 88 12 100
15 86 14 100
16 85 13 98
17 84 16 100
18 84 13 97
19 84 10 94
20 80 20 100
21 79 21 100
22 79 21 100
23 78 19 97
24 76 24 100
25 76 23 99
26 75 23 98
27 74 26 100
28 74 23 97
29 71 29 100
30 71 28 99
31 69 31 100
32 69 31 100
33 68 32 100
34 68 32 100
35 68 32 100
36 67 31 98
37 67 27 94
38 62 38 100
39 60 40 100
40 60 39 99
41 58 41 99
42 58 41 99
43 55 45 100
44 54 46 100
45 54 46 100
46 54 45 99
47 54 34 7 95
48 50 48 98
49 34 19 19 18 90
50 18 18 17 53

Best Fit Decreasing:
100 0
100 1
99 2
99 3
98 4
97 5
97 6
96 7
95 8
94 9
94 10
91 11
91 12
90 13
88 14
86 15
85 16
84 17
84 18
84 19
80 20
79 21
79 22
78 23
76 24
76 25
75 26
74 27
74 28
71 29
71 30
69 31
69 32
68 33
68 34
68 35
67 36
67 37
62 38
60 39
60 40
58 41
58 42
55 43
54 44
54 45
54 46
54 47
50 48
48 48
46 44
46 45
45 43
45 46
41 41
41 42
40 39
39 40
38 38
34 47
34 49
32 33
32 34
32 35
31 31
31 32
31 36
29 29
28 30
27 37
26 27
24 24
23 25
23 26
23 28
21 21
21 22
20 20
19 23
19 49
19 49
18 49
18 50
18 50
17 50
16 17
14 15
13 16
13 18
12 14
10 13
10 49
9 11
8 12
7 47
6 9
6 10
4 7
2 4
1 2

0 100 100
1 100 100
2 99 1 100
3 99 99
4 98 2 100
5 97 97
6 97 97
7 96 4 100
8 95 95
9 94 6 100
10 94 6 100
11 91 9 100
12 91 8 99
13 90 10 100
14 88 12 100
15 86 14 100
16 85 13 98
17 84 16 100
18 84 13 97
19 84 84
20 80 20 100
21 79 21 100
22 79 21 100
23 78 19 97
24 76 24 100
25 76 23 99
26 75 23 98
27 74 26 100
28 74 23 97
29 71 29 100
30 71 28 99
31 69 31 100
32 69 31 100
33 68 32 100
34 68 32 100
35 68 32 100
36 67 31 98
37 67 27 94
38 62 38 100
39 60 40 100
40 60 39 99
41 58 41 99
42 58 41 99
43 55 45 100
44 54 46 100
45 54 46 100
46 54 45 99
47 54 34 7 95
48 50 48 98
49 34 19 19 18 10 100
50 18 18 17 53

*Experiment #7*
72
71
82
92
42
67
57
34
58
50
83
54
17
2
91
84
95
24
73
13
88
89
43
6
35
48
7
88
8
52
72
31
23
5
74
16
72
31
49
81
80
84
34
96
37
76
31
83
100
55
95
87
43
89
44
77
36
50
16
95
54
87
77
28
44
51
95
67
33
95
47
64
78
32
11
14
7
93
96
58
47
42
45
41
30
40
69
66
42
84
12
95
71
89
74
66
91
68
32
75

Next Fit:
72 0
71 1
82 2
92 3
42 4
67 5
57 6
34 6
58 7
50 8
83 9
54 10
17 10
2 10
91 11
84 12
95 13
24 14
73 14
13 15
88 16
89 17
43 18
6 18
35 18
48 19
7 19
88 20
8 20
52 21
72 22
31 23
23 23
5 23
74 24
16 24
72 25
31 26
49 26
81 27
80 28
84 29
34 30
96 31
37 32
76 33
31 34
83 35
100 36
55 37
95 38
87 39
43 40
89 41
44 42
77 43
36 44
50 44
16 45
95 46
54 47
87 48
77 49
28 50
44 50
51 51
95 52
67 53
33 53
95 54
47 55
64 56
78 57
32 58
11 58
14 58
7 58
93 59
96 60
58 61
47 62
42 62
45 63
41 63
30 64
40 64
69 65
66 66
42 67
84 68
12 68
95 69
71 70
89 71
74 72
66 73
91 74
68 75
32 75
75 76

0 72 72
1 71 71
2 82 82
3 92 92
4 42 42
5 67 67
6 57 34 91
7 58 58
8 50 50
9 83 83
10 54 17 2 73
11 91 91
12 84 84
13 95 95
14 24 73 97
15 13 13
16 88 88
17 89 89
18 43 6 35 84
19 48 7 55
20 88 8 96
21 52 52
22 72 72
23 31 23 5 59
24 74 16 90
25 72 72
26 31 49 80
27 81 81
28 80 80
29 84 84
30 34 34
31 96 96
32 37 37
33 76 76
34 31 31
35 83 83
36 100 100
37 55 55
38 95 95
39 87 87
40 43 43
41 89 89
42 44 44
43 77 77
44 36 50 86
45 16 16
46 95 95
47 54 54
48 87 87
49 77 77
50 28 44 72
51 51 51
52 95 95
53 67 33 100
54 95 95
55 47 47
56 64 64
57 78 78
58 32 11 14 7 64
59 93 93
60 96 96
61 58 58
62 47 42 89
63 45 41 86
64 30 40 70
65 69 69
66 66 66
67 42 42
68 84 12 96
69 95 95
70 71 71
71 89 89
72 74 74
73 66 66
74 91 91
75 68 32 100
76 75 75

First Fit:
72 0
71 1
82 2
92 3
42 4
67 5
57 4
34 6
58 6
50 7
83 8
54 9
17 0
2 0
91 10
84 11
95 12
24 1
73 13
13 2
88 14
89 15
43 7
6 0
35 9
48 16
7 3
88 17
8 5
52 16
72 18
31 19
23 5
5 1
74 20
16 8
72 21
31 19
49 22
81 23
80 24
84 25
34 19
96 26
37 22
76 27
31 28
83 29
100 30
55 28
95 31
87 32
43 33
89 34
44 33
77 35
36 36
50 36
16 11
95 37
54 38
87 39
77 40
28 18
44 38
51 41
95 42
67 43
33 41
95 44
47 45
64 46
78 47
32 43
11 9
14 13
7 6
93 48
96 49
58 50
47 45
42 50
45 51
41 51
30 46
40 52
69 53
66 54
42 52
84 55
12 13
95 56
71 57
89 58
74 59
66 60
91 61
68 62
32 54
75 63

0 72 17 2 6 97
1 71 24 5 100
2 82 13 95
3 92 7 99
4 42 57 99
5 67 8 23 98
6 34 58 7 99
7 50 43 93
8 83 16 99
9 54 35 11 100
10 91 91
11 84 16 100
12 95 95
13 73 14 12 99
14 88 88
15 89 89
16 48 52 100
17 88 88
18 72 28 100
19 31 31 34 96
20 74 74
21 72 72
22 49 37 86
23 81 81
24 80 80
25 84 84
26 96 96
27 76 76
28 31 55 86
29 83 83
30 100 100
31 95 95
32 87 87
33 43 44 87
34 89 89
35 77 77
36 36 50 86
37 95 95
38 54 44 98
39 87 87
40 77 77
41 51 33 84
42 95 95
43 67 32 99
44 95 95
45 47 47 94
46 64 30 94
47 78 78
48 93 93
49 96 96
50 58 42 100
51 45 41 86
52 40 42 82
53 69 69
54 66 32 98
55 84 84
56 95 95
57 71 71
58 89 89
59 74 74
60 66 66
61 91 91
62 68 68
63 75 75

Best Fit:
72 0
71 1
82 2
92 3
42 4
67 5
57 4
34 6
58 6
50 7
83 8
54 9
17 8
2 3
91 10
84 11
95 12
24 0
73 13
13 11
88 14
89 15
43 9
6 3
35 7
48 16
7 6
88 17
8 10
52 16
72 18
31 5
23 13
5 12
74 19
16 2
72 20
31 21
49 21
81 22
80 23
84 24
34 25
96 26
37 25
76 27
31 28
83 29
100 30
55 28
95 31
87 32
43 33
89 34
44 33
77 35
36 36
50 36
16 24
95 37
54 38
87 39
77 40
28 18
44 38
51 41
95 42
67 43
33 43
95 44
47 41
64 45
78 46
32 45
11 15
14 28
7 34
93 47
96 48
58 49
47 50
42 49
45 50
41 51
30 51
40 52
69 53
66 54
42 52
84 55
12 14
95 56
71 57
89 58
74 59
66 60
91 61
68 62
32 62
75 63

0 72 24 96
1 71 71
2 82 16 98
3 92 2 6 100
4 42 57 99
5 67 31 98
6 34 58 7 99
7 50 35 85
8 83 17 100
9 54 43 97
10 91 8 99
11 84 13 97
12 95 5 100
13 73 23 96
14 88 12 100
15 89 11 100
16 48 52 100
17 88 88
18 72 28 100
19 74 74
20 72 72
21 31 49 80
22 81 81
23 80 80
24 84 16 100
25 34 37 71
26 96 96
27 76 76
28 31 55 14 100
29 83 83
30 100 100
31 95 95
32 87 87
33 43 44 87
34 89 7 96
35 77 77
36 36 50 86
37 95 95
38 54 44 98
39 87 87
40 77 77
41 51 47 98
42 95 95
43 67 33 100
44 95 95
45 64 32 96
46 78 78
47 93 93
48 96 96
49 58 42 100
50 47 45 92
51 41 30 71
52 40 42 82
53 69 69
54 66 66
55 84 84
56 95 95
57 71 71
58 89 89
59 74 74
60 66 66
61 91 91
62 68 32 100
63 75 75

First Fit Decreasing:
100 0
96 1
96 2
95 3
95 4
95 5
95 6
95 7
95 8
93 9
92 10
91 11
91 12
89 13
89 14
89 15
88 16
88 17
87 18
87 19
84 20
84 21
84 22
83 23
83 24
82 25
81 26
80 27
78 28
77 29
77 30
76 31
75 32
74 33
74 34
73 35
72 36
72 37
72 38
71 39
71 40
69 41
68 42
67 43
67 44
66 45
66 46
64 47
58 48
58 49
57 50
55 51
54 52
54 53
52 54
51 55
50 56
50 56
49 55
48 54
47 57
47 57
45 51
44 52
44 53
43 50
43 58
42 48
42 49
42 58
41 59
40 59
37 60
36 47
35 60
34 45
34 46
33 43
32 42
32 44
31 41
31 61
31 61
30 61
28 36
24 31
23 29
17 23
16 20
16 21
14 22
13 18
12 16
11 13
8 10
7 9
7 11
6 12
5 3
2 1

0 100 100
1 96 2 98
2 96 96
3 95 5 100
4 95 95
5 95 95
6 95 95
7 95 95
8 95 95
9 93 7 100
10 92 8 100
11 91 7 98
12 91 6 97
13 89 11 100
14 89 89
15 89 89
16 88 12 100
17 88 88
18 87 13 100
19 87 87
20 84 16 100
21 84 16 100
22 84 14 98
23 83 17 100
24 83 83
25 82 82
26 81 81
27 80 80
28 78 78
29 77 23 100
30 77 77
31 76 24 100
32 75 75
33 74 74
34 74 74
35 73 73
36 72 28 100
37 72 72
38 72 72
39 71 71
40 71 71
41 69 31 100
42 68 32 100
43 67 33 100
44 67 32 99
45 66 34 100
46 66 34 100
47 64 36 100
48 58 42 100
49 58 42 100
50 57 43 100
51 55 45 100
52 54 44 98
53 54 44 98
54 52 48 100
55 51 49 100
56 50 50 100
57 47 47 94
58 43 42 85
59 41 40 81
60 37 35 72
61 31 31 30 92

Best Fit Decreasing:
100 0
96 1
96 2
95 3
95 4
95 5
95 6
95 7
95 8
93 9
92 10
91 11
91 12
89 13
89 14
89 15
88 16
88 17
87 18
87 19
84 20
84 21
84 22
83 23
83 24
82 25
81 26
80 27
78 28
77 29
77 30
76 31
75 32
74 33
74 34
73 35
72 36
72 37
72 38
71 39
71 40
69 41
68 42
67 43
67 44
66 45
66 46
64 47
58 48
58 49
57 50
55 51
54 52
54 53
52 54
51 55
50 56
50 56
49 55
48 54
47 57
47 57
45 51
44 52
44 53
43 50
43 58
42 48
42 49
42 58
41 59
40 59
37 60
36 47
35 60
34 45
34 46
33 43
32 42
32 44
31 41
31 61
31 61
30 61
28 36
24 31
23 29
17 23
16 20
16 21
14 58
13 18
12 16
11 13
8 10
7 9
7 61
6 57
5 3
2 52

0 100 100
1 96 96
2 96 96
3 95 5 100
4 95 95
5 95 95
6 95 95
7 95 95
8 95 95
9 93 7 100
10 92 8 100
11 91 91
12 91 91
13 89 11 100
14 89 89
15 89 89
16 88 12 100
17 88 88
18 87 13 100
19 87 87
20 84 16 100
21 84 16 100
22 84 84
23 83 17 100
24 83 83
25 82 82
26 81 81
27 80 80
28 78 78
29 77 23 100
30 77 77
31 76 24 100
32 75 75
33 74 74
34 74 74
35 73 73
36 72 28 100
37 72 72
38 72 72
39 71 71
40 71 71
41 69 31 100
42 68 32 100
43 67 33 100
44 67 32 99
45 66 34 100
46 66 34 100
47 64 36 100
48 58 42 100
49 58 42 100
50 57 43 100
51 55 45 100
52 54 44 2 100
53 54 44 98
54 52 48 100
55 51 49 100
56 50 50 100
57 47 47 6 100
58 43 42 14 99
59 41 40 81
60 37 35 72
61 31 31 30 7 99

*Experiment #8*
62
78
90
92
9
100
57
67
44
53
25
42
94
21
82
76
60
2
41
1
85
4
47
7
92
72
72
34
39
3
8
53
32
49
96
92
100
52
59
43
56
83
36
50
3
17
25
62
18
17
15
55
20
61
61
64
33
85
49
23
39
9
27
71
57
22
62
57
26
20
51
81
54
87
82
56
55
6
70
73
74
84
79
46
96
39
61
80
23
9
55
62
17
81
84
74
55
45
82
80

Next Fit:
62 0
78 1
90 2
92 3
9 4
100 5
57 6
67 7
44 8
53 8
25 9
42 9
94 10
21 11
82 12
76 13
60 14
2 14
41 15
1 15
85 16
4 16
47 17
7 17
92 18
72 19
72 20
34 21
39 21
3 21
8 21
53 22
32 22
49 23
96 24
92 25
100 26
52 27
59 28
43 29
56 29
83 30
36 31
50 31
3 31
17 32
25 32
62 33
18 33
17 33
15 34
55 34
20 34
61 35
61 36
64 37
33 37
85 38
49 39
23 39
39 40
9 40
27 40
71 41
57 42
22 42
62 43
57 44
26 44
20 45
51 45
81 46
54 47
87 48
82 49
56 50
55 51
6 51
70 52
73 53
74 54
84 55
79 56
46 57
96 58
39 59
61 59
80 60
23 61
9 61
55 61
62 62
17 62
81 63
84 64
74 65
55 66
45 66
82 67
80 68

0 62 62
1 78 78
2 90 90
3 92 92
4 9 9
5 100 100
6 57 57
7 67 67
8 44 53 97
9 25 42 67
10 94 94
11 21 21
12 82 82
13 76 76
14 60 2 62
15 41 1 42
16 85 4 89
17 47 7 54
18 92 92
19 72 72
20 72 72
21 34 39 3 8 84
22 53 32 85
23 49 49
24 96 96
25 92 92
26 100 100
27 52 52
28 59 59
29 43 56 99
30 83 83
31 36 50 3 89
32 17 25 42
33 62 18 17 97
34 15 55 20 90
35 61 61
36 61 61
37 64 33 97
38 85 85
39 49 23 72
40 39 9 27 75
41 71 71
42 57 22 79
43 62 62
44 57 26 83
45 20 51 71
46 81 81
47 54 54
48 87 87
49 82 82
50 56 56
51 55 6 61
52 70 70
53 73 73
54 74 74
55 84 84
56 79 79
57 46 46
58 96 96
59 39 61 100
60 80 80
61 23 9 55 87
62 62 17 79
63 81 81
64 84 84
65 74 74
66 55 45 100
67 82 82
68 80 80

First Fit:
62 0
78 1
90 2
92 3
9 0
100 4
57 5
67 6
44 7
53 7
25 0
42 5
94 8
21 1
82 9
76 10
60 11
2 0
41 12
1 0
85 13
4 2
47 12
7 3
92 14
72 15
72 16
34 11
39 17
3 2
8 6
53 17
32 18
49 18
96 19
92 20
100 21
52 22
59 23
43 22
56 24
83 25
36 23
50 26
3 2
17 6
25 15
62 27
18 9
17 10
15 13
55 28
20 16
61 29
61 30
64 31
33 24
85 32
49 26
23 27
39 28
9 12
27 29
71 33
57 34
22 30
62 35
57 36
26 31
20 33
51 37
81 38
54 39
87 40
82 41
56 42
55 43
6 6
70 44
73 45
74 46
84 47
79 48
46 37
96 49
39 34
61 50
80 51
23 35
9 18
55 52
62 53
17 25
81 54
84 55
74 56
55 57
45 39
82 58
80 59

0 62 9 25 2 1 99
1 78 21 99
2 90 4 3 3 100
3 92 7 99
4 100 100
5 57 42 99
6 67 8 17 6 98
7 44 53 97
8 94 94
9 82 18 100
10 76 17 93
11 60 34 94
12 41 47 9 97
13 85 15 100
14 92 92
15 72 25 97
16 72 20 92
17 39 53 92
18 32 49 9 90
19 96 96
20 92 92
21 100 100
22 52 43 95
23 59 36 95
24 56 33 89
25 83 17 100
26 50 49 99
27 62 23 85
28 55 39 94
29 61 27 88
30 61 22 83
31 64 26 90
32 85 85
33 71 20 91
34 57 39 96
35 62 23 85
36 57 57
37 51 46 97
38 81 81
39 54 45 99
40 87 87
41 82 82
42 56 56
43 55 55
44 70 70
45 73 73
46 74 74
47 84 84
48 79 79
49 96 96
50 61 61
51 80 80
52 55 55
53 62 62
54 81 81
55 84 84
56 74 74
57 55 55
58 82 82
59 80 80

Best Fit:
62 0
78 1
90 2
92 3
9 2
100 4
57 5
67 6
44 7
53 7
25 6
42 5
94 8
21 1
82 9
76 10
60 11
2 7
41 12
1 1
85 13
4 8
47 12
7 3
92 14
72 15
72 16
34 0
39 11
3 0
8 6
53 17
32 17
49 18
96 19
92 20
100 21
52 22
59 23
43 22
56 24
83 25
36 23
50 18
3 19
17 25
25 15
62 26
18 9
17 10
15 13
55 27
20 16
61 28
61 29
64 30
33 30
85 31
49 32
23 26
39 28
9 12
27 29
71 33
57 34
22 33
62 35
57 36
26 35
20 34
51 32
81 37
54 38
87 39
82 40
56 41
55 42
6 10
70 43
73 44
74 45
84 46
79 47
46 38
96 48
39 36
61 49
80 50
23 34
9 29
55 51
62 52
17 40
81 53
84 54
74 55
55 56
45 27
82 57
80 58

0 62 34 3 99
1 78 21 1 100
2 90 9 99
3 92 7 99
4 100 100
5 57 42 99
6 67 25 8 100
7 44 53 2 99
8 94 4 98
9 82 18 100
10 76 17 6 99
11 60 39 99
12 41 47 9 97
13 85 15 100
14 92 92
15 72 25 97
16 72 20 92
17 53 32 85
18 49 50 99
19 96 3 99
20 92 92
21 100 100
22 52 43 95
23 59 36 95
24 56 56
25 83 17 100
26 62 23 85
27 55 45 100
28 61 39 100
29 61 27 9 97
30 64 33 97
31 85 85
32 49 51 100
33 71 22 93
34 57 20 23 100
35 62 26 88
36 57 39 96
37 81 81
38 54 46 100
39 87 87
40 82 17 99
41 56 56
42 55 55
43 70 70
44 73 73
45 74 74
46 84 84
47 79 79
48 96 96
49 61 61
50 80 80
51 55 55
52 62 62
53 81 81
54 84 84
55 74 74
56 55 55
57 82 82
58 80 80

First Fit Decreasing:
100 0
100 1
96 2
96 3
94 4
92 5
92 6
92 7
90 8
87 9
85 10
85 11
84 12
84 13
83 14
82 15
82 16
82 17
81 18
81 19
80 20
80 21
79 22
78 23
76 24
74 25
74 26
73 27
72 28
72 29
71 30
70 31
67 32
64 33
62 34
62 35
62 36
62 37
61 38
61 39
61 40
60 41
59 42
57 43
57 44
57 45
56 46
56 47
55 48
55 49
55 50
55 51
54 52
53 53
53 54
52 55
51 56
50 57
49 56
49 57
47 53
46 52
45 48
44 46
43 43
42 44
41 42
39 38
39 39
39 40
36 33
34 34
33 32
32 35
27 27
26 25
25 26
25 28
23 24
23 29
22 23
21 22
20 20
20 21
18 15
17 14
17 16
17 17
15 10
9 8
9 9
9 11
8 5
7 6
6 4
4 2
3 3
3 7
2 7
1 3

0 100 100
1 100 100
2 96 4 100
3 96 3 1 100
4 94 6 100
5 92 8 100
6 92 7 99
7 92 3 2 97
8 90 9 99
9 87 9 96
10 85 15 100
11 85 9 94
12 84 84
13 84 84
14 83 17 100
15 82 18 100
16 82 17 99
17 82 17 99
18 81 81
19 81 81
20 80 20 100
21 80 20 100
22 79 21 100
23 78 22 100
24 76 23 99
25 74 26 100
26 74 25 99
27 73 27 100
28 72 25 97
29 72 23 95
30 71 71
31 70 70
32 67 33 100
33 64 36 100
34 62 34 96
35 62 32 94
36 62 62
37 62 62
38 61 39 100
39 61 39 100
40 61 39 100
41 60 60
42 59 41 100
43 57 43 100
44 57 42 99
45 57 57
46 56 44 100
47 56 56
48 55 45 100
49 55 55
50 55 55
51 55 55
52 54 46 100
53 53 47 100
54 53 53
55 52 52
56 51 49 100
57 50 49 99

Best Fit Decreasing:
100 0
100 1
96 2
96 3
94 4
92 5
92 6
92 7
90 8
87 9
85 10
85 11
84 12
84 13
83 14
82 15
82 16
82 17
81 18
81 19
80 20
80 21
79 22
78 23
76 24
74 25
74 26
73 27
72 28
72 29
71 30
70 31
67 32
64 33
62 34
62 35
62 36
62 37
61 38
61 39
61 40
60 41
59 42
57 43
57 44
57 45
56 46
56 47
55 48
55 49
55 50
55 51
54 52
53 53
53 54
52 55
51 56
50 57
49 56
49 57
47 53
46 52
45 48
44 46
43 43
42 44
41 42
39 38
39 39
39 40
36 33
34 34
33 32
32 35
27 27
26 25
25 26
25 28
23 24
23 29
22 23
21 22
20 20
20 21
18 15
17 14
17 16
17 17
15 10
9 8
9 9
9 11
8 5
7 6
6 4
4 2
3 28
3 3
2 9
1 3

0 100 100
1 100 100
2 96 4 100
3 96 3 1 100
4 94 6 100
5 92 8 100
6 92 7 99
7 92 92
8 90 9 99
9 87 9 2 98
10 85 15 100
11 85 9 94
12 84 84
13 84 84
14 83 17 100
15 82 18 100
16 82 17 99
17 82 17 99
18 81 81
19 81 81
20 80 20 100
21 80 20 100
22 79 21 100
23 78 22 100
24 76 23 99
25 74 26 100
26 74 25 99
27 73 27 100
28 72 25 3 100
29 72 23 95
30 71 71
31 70 70
32 67 33 100
33 64 36 100
34 62 34 96
35 62 32 94
36 62 62
37 62 62
38 61 39 100
39 61 39 100
40 61 39 100
41 60 60
42 59 41 100
43 57 43 100
44 57 42 99
45 57 57
46 56 44 100
47 56 56
48 55 45 100
49 55 55
50 55 55
51 55 55
52 54 46 100
53 53 47 100
54 53 53
55 52 52
56 51 49 100
57 50 49 99

*Experiment #9*
17
32
12
70
18
94
78
73
51
99
97
25
82
75
22
29
65
82
61
40
90
15
53
7
47
36
32
53
32
13
84
48
44
96
70
14
89
99
86
39
97
34
15
30
8
36
10
24
17
70
63
59
36
15
65
35
50
48
87
34
60
23
33
3
18
54
68
58
52
53
48
48
38
63
29
97
50
39
21
19
8
83
77
96
50
93
30
51
40
68
84
99
90
17
53
59
22
21
68
74

Next Fit:
17 0
32 0
12 0
70 1
18 1
94 2
78 3
73 4
51 5
99 6
97 7
25 8
82 9
75 10
22 10
29 11
65 11
82 12
61 13
40 14
90 15
15 16
53 16
7 16
47 17
36 17
32 18
53 18
32 19
13 19
84 20
48 21
44 21
96 22
70 23
14 23
89 24
99 25
86 26
39 27
97 28
34 29
15 29
30 29
8 29
36 30
10 30
24 30
17 30
70 31
63 32
59 33
36 33
15 34
65 34
35 35
50 35
48 36
87 37
34 38
60 38
23 39
33 39
3 39
18 39
54 40
68 41
58 42
52 43
53 44
48 45
48 45
38 46
63 47
29 47
97 48
50 49
39 49
21 50
19 50
8 50
83 51
77 52
96 53
50 54
93 55
30 56
51 56
40 57
68 58
84 59
99 60
90 61
17 62
53 62
59 63
22 63
21 64
68 64
74 65

0 17 32 12 61
1 70 18 88
2 94 94
3 78 78
4 73 73
5 51 51
6 99 99
7 97 97
8 25 25
9 82 82
10 75 22 97
11 29 65 94
12 82 82
13 61 61
14 40 40
15 90 90
16 15 53 7 75
17 47 36 83
18 32 53 85
19 32 13 45
20 84 84
21 48 44 92
22 96 96
23 70 14 84
24 89 89
25 99 99
26 86 86
27 39 39
28 97 97
29 34 15 30 8 87
30 36 10 24 17 87
31 70 70
32 63 63
33 59 36 95
34 15 65 80
35 35 50 85
36 48 48
37 87 87
38 34 60 94
39 23 33 3 18 77
40 54 54
41 68 68
42 58 58
43 52 52
44 53 53
45 48 48 96
46 38 38
47 63 29 92
48 97 97
49 50 39 89
50 21 19 8 48
51 83 83
52 77 77
53 96 96
54 50 50
55 93 93
56 30 51 81
57 40 40
58 68 68
59 84 84
60 99 99
61 90 90
62 17 53 70
63 59 22 81
64 21 68 89
65 74 74

First Fit:
17 0
32 0
12 0
70 1
18 0
94 2
78 3
73 4
51 5
99 6
97 7
25 1
82 8
75 9
22 3
29 5
65 10
82 11
61 12
40 13
90 14
15 0
53 13
7 4
47 15
36 12
32 10
53 15
32 16
13 4
84 17
48 16
44 18
96 19
70 20
14 5
89 21
99 22
86 23
39 18
97 24
34 25
15 8
30 20
8 9
36 25
10 9
24 25
17 11
70 26
63 27
59 28
36 27
15 16
65 29
35 28
50 30
48 30
87 31
34 29
60 32
23 26
33 32
3 0
18 33
54 33
68 34
58 35
52 36
53 37
48 36
48 38
38 35
63 39
29 34
97 40
50 38
39 37
21 33
19 39
8 14
83 41
77 42
96 43
50 44
93 45
30 44
51 46
40 46
68 47
84 48
99 49
90 50
17 18
53 51
59 52
22 42
21 47
68 53
74 54

0 17 32 12 18 15 3 97
1 70 25 95
2 94 94
3 78 22 100
4 73 7 13 93
5 51 29 14 94
6 99 99
7 97 97
8 82 15 97
9 75 8 10 93
10 65 32 97
11 82 17 99
12 61 36 97
13 40 53 93
14 90 8 98
15 47 53 100
16 32 48 15 95
17 84 84
18 44 39 17 100
19 96 96
20 70 30 100
21 89 89
22 99 99
23 86 86
24 97 97
25 34 36 24 94
26 70 23 93
27 63 36 99
28 59 35 94
29 65 34 99
30 50 48 98
31 87 87
32 60 33 93
33 18 54 21 93
34 68 29 97
35 58 38 96
36 52 48 100
37 53 39 92
38 48 50 98
39 63 19 82
40 97 97
41 83 83
42 77 22 99
43 96 96
44 50 30 80
45 93 93
46 51 40 91
47 68 21 89
48 84 84
49 99 99
50 90 90
51 53 53
52 59 59
53 68 68
54 74 74

Best Fit:
17 0
32 0
12 0
70 1
18 1
94 2
78 3
73 4
51 5
99 6
97 7
25 4
82 8
75 9
22 3
29 0
65 10
82 11
61 12
40 5
90 13
15 8
53 14
7 5
47 14
36 12
32 10
53 15
32 15
13 15
84 16
48 17
44 17
96 18
70 19
14 16
89 20
99 21
86 22
39 23
97 24
34 23
15 11
30 19
8 17
36 25
10 0
24 9
17 23
70 26
63 25
59 27
36 27
15 26
65 28
35 28
50 29
48 29
87 30
34 31
60 31
23 32
33 32
3 7
18 32
54 33
68 34
58 35
52 36
53 37
48 36
48 38
38 35
63 39
29 34
97 40
50 38
39 33
21 32
19 39
8 13
83 41
77 42
96 43
50 44
93 45
30 37
51 46
40 46
68 47
84 48
99 49
90 50
17 37
53 51
59 52
22 42
21 47
68 53
74 54

0 17 32 12 29 10 100
1 70 18 88
2 94 94
3 78 22 100
4 73 25 98
5 51 40 7 98
6 99 99
7 97 3 100
8 82 15 97
9 75 24 99
10 65 32 97
11 82 15 97
12 61 36 97
13 90 8 98
14 53 47 100
15 53 32 13 98
16 84 14 98
17 48 44 8 100
18 96 96
19 70 30 100
20 89 89
21 99 99
22 86 86
23 39 34 17 90
24 97 97
25 36 63 99
26 70 15 85
27 59 36 95
28 65 35 100
29 50 48 98
30 87 87
31 34 60 94
32 23 33 18 21 95
33 54 39 93
34 68 29 97
35 58 38 96
36 52 48 100
37 53 30 17 100
38 48 50 98
39 63 19 82
40 97 97
41 83 83
42 77 22 99
43 96 96
44 50 50
45 93 93
46 51 40 91
47 68 21 89
48 84 84
49 99 99
50 90 90
51 53 53
52 59 59
53 68 68
54 74 74

First Fit Decreasing:
99 0
99 1
99 2
97 3
97 4
97 5
96 6
96 7
94 8
93 9
90 10
90 11
89 12
87 13
86 14
84 15
84 16
83 17
82 18
82 19
78 20
77 21
75 22
74 23
73 24
70 25
70 26
70 27
68 28
68 29
68 30
65 31
65 32
63 33
63 34
61 35
60 36
59 37
59 38
58 39
54 40
53 41
53 42
53 43
53 44
52 45
51 46
51 47
50 48
50 48
50 49
48 45
48 46
48 47
48 49
47 41
44 40
40 36
40 37
39 35
39 38
38 39
36 33
36 34
36 42
35 31
34 32
34 43
33 44
32 28
32 29
32 30
30 25
30 26
29 27
29 50
25 22
24 23
23 21
22 20
22 24
21 50
21 50
19 50
18 18
18 19
17 17
17 51
17 51
15 15
15 16
15 51
14 14
13 13
12 43
10 10
8 11
8 12
7 9
3 3

0 99 99
1 99 99
2 99 99
3 97 3 100
4 97 97
5 97 97
6 96 96
7 96 96
8 94 94
9 93 7 100
10 90 10 100
11 90 8 98
12 89 8 97
13 87 13 100
14 86 14 100
15 84 15 99
16 84 15 99
17 83 17 100
18 82 18 100
19 82 18 100
20 78 22 100
21 77 23 100
22 75 25 100
23 74 24 98
24 73 22 95
25 70 30 100
26 70 30 100
27 70 29 99
28 68 32 100
29 68 32 100
30 68 32 100
31 65 35 100
32 65 34 99
33 63 36 99
34 63 36 99
35 61 39 100
36 60 40 100
37 59 40 99
38 59 39 98
39 58 38 96
40 54 44 98
41 53 47 100
42 53 36 89
43 53 34 12 99
44 53 33 86
45 52 48 100
46 51 48 99
47 51 48 99
48 50 50 100
49 50 48 98
50 29 21 21 19 90
51 17 17 15 49

Best Fit Decreasing:
99 0
99 1
99 2
97 3
97 4
97 5
96 6
96 7
94 8
93 9
90 10
90 11
89 12
87 13
86 14
84 15
84 16
83 17
82 18
82 19
78 20
77 21
75 22
74 23
73 24
70 25
70 26
70 27
68 28
68 29
68 30
65 31
65 32
63 33
63 34
61 35
60 36
59 37
59 38
58 39
54 40
53 41
53 42
53 43
53 44
52 45
51 46
51 47
50 48
50 48
50 49
48 45
48 46
48 47
48 49
47 41
44 40
40 36
40 37
39 35
39 38
38 39
36 33
36 34
36 42
35 31
34 32
34 43
33 44
32 28
32 29
32 30
30 25
30 26
29 27
29 50
25 22
24 23
23 21
22 20
22 24
21 50
21 50
19 50
18 18
18 19
17 17
17 51
17 51
15 15
15 16
15 51
14 14
13 13
12 43
10 10
8 11
8 50
7 9
3 3

0 99 99
1 99 99
2 99 99
3 97 3 100
4 97 97
5 97 97
6 96 96
7 96 96
8 94 94
9 93 7 100
10 90 10 100
11 90 8 98
12 89 89
13 87 13 100
14 86 14 100
15 84 15 99
16 84 15 99
17 83 17 100
18 82 18 100
19 82 18 100
20 78 22 100
21 77 23 100
22 75 25 100
23 74 24 98
24 73 22 95
25 70 30 100
26 70 30 100
27 70 29 99
28 68 32 100
29 68 32 100
30 68 32 100
31 65 35 100
32 65 34 99
33 63 36 99
34 63 36 99
35 61 39 100
36 60 40 100
37 59 40 99
38 59 39 98
39 58 38 96
40 54 44 98
41 53 47 100
42 53 36 89
43 53 34 12 99
44 53 33 86
45 52 48 100
46 51 48 99
47 51 48 99
48 50 50 100
49 50 48 98
50 29 21 21 19 8 98
51 17 17 15 49

*Experiment #10*
25
16
73
63
30
2
59
79
40
31
97
99
66
25
94
15
17
75
17
56
43
53
54
84
21
7
43
42
79
62
15
3
77
88
17
58
41
28
89
80
10
85
30
75
62
24
41
78
98
58
34
92
62
87
76
82
45
70
23
75
31
90
78
60
29
46
69
69
25
57
100
35
94
29
61
55
52
2
32
2
11
65
93
72
4
20
53
48
89
27
23
72
16
52
83
44
49
51
12
74

Next Fit:
25 0
16 0
73 1
63 2
30 2
2 2
59 3
79 4
40 5
31 5
97 6
99 7
66 8
25 8
94 9
15 10
17 10
75 11
17 11
56 12
43 12
53 13
54 14
84 15
21 16
7 16
43 16
42 17
79 18
62 19
15 19
3 19
77 20
88 21
17 22
58 22
41 23
28 23
89 24
80 25
10 25
85 26
30 27
75 28
62 29
24 29
41 30
78 31
98 32
58 33
34 33
92 34
62 35
87 36
76 37
82 38
45 39
70 40
23 40
75 41
31 42
90 43
78 44
60 45
29 45
46 46
69 47
69 48
25 48
57 49
100 50
35 51
94 52
29 53
61 53
55 54
52 55
2 55
32 55
2 55
11 55
65 56
93 57
72 58
4 58
20 58
53 59
48 60
89 61
27 62
23 62
72 63
16 63
52 64
83 65
44 66
49 66
51 67
12 67
74 68

0 25 16 41
1 73 73
2 63 30 2 95
3 59 59
4 79 79
5 40 31 71
6 97 97
7 99 99
8 66 25 91
9 94 94
10 15 17 32
11 75 17 92
12 56 43 99
13 53 53
14 54 54
15 84 84
16 21 7 43 71
17 42 42
18 79 79
19 62 15 3 80
20 77 77
21 88 88
22 17 58 75
23 41 28 69
24 89 89
25 80 10 90
26 85 85
27 30 30
28 75 75
29 62 24 86
30 41 41
31 78 78
32 98 98
33 58 34 92
34 92 92
35 62 62
36 87 87
37 76 76
38 82 82
39 45 45
40 70 23 93
41 75 75
42 31 31
43 90 90
44 78 78
45 60 29 89
46 46 46
47 69 69
48 69 25 94
49 57 57
50 100 100
51 35 35
52 94 94
53 29 61 90
54 55 55
55 52 2 32 2 11 99
56 65 65
57 93 93
58 72 4 20 96
59 53 53
60 48 48
61 89 89
62 27 23 50
63 72 16 88
64 52 52
65 83 83
66 44 49 93
67 51 12 63
68 74 74

First Fit:
25 0
16 0
73 1
63 2
30 0
2 0
59 3
79 4
40 3
31 2
97 5
99 6
66 7
25 0
94 8
15 1
17 4
75 9
17 7
56 10
43 10
53 11
54 12
84 13
21 9
7 1
43 11
42 12
79 14
62 15
15 7
3 1
77 16
88 17
17 14
58 18
41 18
28 15
89 19
80 20
10 13
85 21
30 22
75 23
62 22
24 23
41 24
78 25
98 26
58 24
34 27
92 28
62 27
87 29
76 30
82 31
45 32
70 33
23 16
75 34
31 32
90 35
78 36
60 37
29 33
46 38
69 39
69 40
25 34
57 41
100 42
35 37
94 43
29 38
61 44
55 45
52 46
2 0
32 41
2 1
11 17
65 47
93 48
72 49
4 2
20 20
53 50
48 46
89 51
27 39
23 30
72 52
16 25
52 53
83 54
44 45
49 55
51 55
12 21
74 56

0 25 16 30 2 25 2 100
1 73 15 7 3 2 100
2 63 31 4 98
3 59 40 99
4 79 17 96
5 97 97
6 99 99
7 66 17 15 98
8 94 94
9 75 21 96
10 56 43 99
11 53 43 96
12 54 42 96
13 84 10 94
14 79 17 96
15 62 28 90
16 77 23 100
17 88 11 99
18 58 41 99
19 89 89
20 80 20 100
21 85 12 97
22 30 62 92
23 75 24 99
24 41 58 99
25 78 16 94
26 98 98
27 34 62 96
28 92 92
29 87 87
30 76 23 99
31 82 82
32 45 31 76
33 70 29 99
34 75 25 100
35 90 90
36 78 78
37 60 35 95
38 46 29 75
39 69 27 96
40 69 69
41 57 32 89
42 100 100
43 94 94
44 61 61
45 55 44 99
46 52 48 100
47 65 65
48 93 93
49 72 72
50 53 53
51 89 89
52 72 72
53 52 52
54 83 83
55 49 51 100
56 74 74

Best Fit:
25 0
16 0
73 1
63 2
30 2
2 2
59 0
79 3
40 4
31 4
97 5
99 6
66 7
25 1
94 8
15 3
17 4
75 9
17 9
56 10
43 10
53 11
54 12
84 13
21 7
7 9
43 12
42 11
79 14
62 15
15 13
3 5
77 16
88 17
17 14
58 18
41 18
28 15
89 19
80 20
10 15
85 21
30 22
75 23
62 22
24 23
41 24
78 25
98 26
58 24
34 27
92 28
62 27
87 29
76 30
82 31
45 32
70 33
23 16
75 34
31 32
90 35
78 36
60 37
29 33
46 38
69 39
69 40
25 34
57 41
100 42
35 37
94 43
29 39
61 44
55 45
52 38
2 1
32 44
2 26
11 19
65 46
93 47
72 48
4 14
20 20
53 49
48 50
89 51
27 48
23 30
72 52
16 31
52 50
83 53
44 45
49 54
51 54
12 4
74 55

0 25 16 59 100
1 73 25 2 100
2 63 30 2 95
3 79 15 94
4 40 31 17 12 100
5 97 3 100
6 99 99
7 66 21 87
8 94 94
9 75 17 7 99
10 56 43 99
11 53 42 95
12 54 43 97
13 84 15 99
14 79 17 4 100
15 62 28 10 100
16 77 23 100
17 88 88
18 58 41 99
19 89 11 100
20 80 20 100
21 85 85
22 30 62 92
23 75 24 99
24 41 58 99
25 78 78
26 98 2 100
27 34 62 96
28 92 92
29 87 87
30 76 23 99
31 82 16 98
32 45 31 76
33 70 29 99
34 75 25 100
35 90 90
36 78 78
37 60 35 95
38 46 52 98
39 69 29 98
40 69 69
41 57 57
42 100 100
43 94 94
44 61 32 93
45 55 44 99
46 65 65
47 93 93
48 72 27 99
49 53 53
50 48 52 100
51 89 89
52 72 72
53 83 83
54 49 51 100
55 74 74

First Fit Decreasing:
100 0
99 1
98 2
97 3
94 4
94 5
93 6
92 7
90 8
89 9
89 10
88 11
87 12
85 13
84 14
83 15
82 16
80 17
79 18
79 19
78 20
78 21
77 22
76 23
75 24
75 25
75 26
74 27
73 28
72 29
72 30
70 31
69 32
69 33
66 34
65 35
63 36
62 37
62 38
62 39
61 40
60 41
59 42
58 43
58 44
57 45
56 46
55 47
54 48
53 49
53 50
52 51
52 52
51 53
49 53
48 51
46 48
45 47
44 46
43 45
43 49
42 43
41 42
41 44
40 41
35 35
34 34
32 36
31 32
31 33
30 31
30 37
29 38
29 39
28 29
27 28
25 24
25 25
25 26
24 23
23 22
23 27
21 18
20 17
17 15
17 16
17 19
16 14
16 20
15 13
15 21
12 11
11 9
10 8
7 6
4 4
3 3
2 2
2 4
2 5

0 100 100
1 99 99
2 98 2 100
3 97 3 100
4 94 4 2 100
5 94 2 96
6 93 7 100
7 92 92
8 90 10 100
9 89 11 100
10 89 89
11 88 12 100
12 87 87
13 85 15 100
14 84 16 100
15 83 17 100
16 82 17 99
17 80 20 100
18 79 21 100
19 79 17 96
20 78 16 94
21 78 15 93
22 77 23 100
23 76 24 100
24 75 25 100
25 75 25 100
26 75 25 100
27 74 23 97
28 73 27 100
29 72 28 100
30 72 72
31 70 30 100
32 69 31 100
33 69 31 100
34 66 34 100
35 65 35 100
36 63 32 95
37 62 30 92
38 62 29 91
39 62 29 91
40 61 61
41 60 40 100
42 59 41 100
43 58 42 100
44 58 41 99
45 57 43 100
46 56 44 100
47 55 45 100
48 54 46 100
49 53 43 96
50 53 53
51 52 48 100
52 52 52
53 51 49 100

Best Fit Decreasing:
100 0
99 1
98 2
97 3
94 4
94 5
93 6
92 7
90 8
89 9
89 10
88 11
87 12
85 13
84 14
83 15
82 16
80 17
79 18
79 19
78 20
78 21
77 22
76 23
75 24
75 25
75 26
74 27
73 28
72 29
72 30
70 31
69 32
69 33
66 34
65 35
63 36
62 37
62 38
62 39
61 40
60 41
59 42
58 43
58 44
57 45
56 46
55 47
54 48
53 49
53 50
52 51
52 52
51 53
49 53
48 51
46 48
45 47
44 46
43 45
43 49
42 43
41 42
41 44
40 41
35 35
34 34
32 36
31 32
31 33
30 31
30 37
29 38
29 39
28 29
27 28
25 24
25 25
25 26
24 23
23 22
23 27
21 18
20 17
17 15
17 16
17 19
16 14
16 20
15 13
15 21
12 11
11 9
10 8
7 6
4 19
3 3
2 2
2 27
2 49

0 100 100
1 99 99
2 98 2 100
3 97 3 100
4 94 94
5 94 94
6 93 7 100
7 92 92
8 90 10 100
9 89 11 100
10 89 89
11 88 12 100
12 87 87
13 85 15 100
14 84 16 100
15 83 17 100
16 82 17 99
17 80 20 100
18 79 21 100
19 79 17 4 100
20 78 16 94
21 78 15 93
22 77 23 100
23 76 24 100
24 75 25 100
25 75 25 100
26 75 25 100
27 74 23 2 99
28 73 27 100
29 72 28 100
30 72 72
31 70 30 100
32 69 31 100
33 69 31 100
34 66 34 100
35 65 35 100
36 63 32 95
37 62 30 92
38 62 29 91
39 62 29 91
40 61 61
41 60 40 100
42 59 41 100
43 58 42 100
44 58 41 99
45 57 43 100
46 56 44 100
47 55 45 100
48 54 46 100
49 53 43 2 98
50 53 53
51 52 48 100
52 52 52
53 51 49 100
