*Experiment #1*
90
84
19
96
67
78
37
83
89
53
72
95
32
27
42
39
73
43
28
33
95
72
60
71
43
25
27
36
11
54
23
52
89
41
99
7
71
35
89
11
88
13
5
71
39
99
9
63
93
88
96
87
11
7
10
54
31
36
41
93
89
63
96
30
56
95
36
26
29
77
36
68
89
92
38
79
90
98
41
82
37
88
21
48
94
30
53
77
65
93
69
5
56
65
34
11
59
22
88
39

Next Fit:
90 0
84 1
19 2
96 3
67 4
78 5
37 6
83 7
89 8
53 9
72 10
95 11
32 12
27 12
42 13
39 13
73 14
43 15
28 15
33 16
95 17
72 18
60 19
71 20
43 21
25 21
27 21
36 22
11 22
54 23
23 23
52 24
89 25
41 26
99 27
7 28
71 28
35 29
89 30
11 30
88 31
13 32
5 32
71 32
39 33
99 34
9 35
63 35
93 36
88 37
96 38
87 39
11 39
7 40
10 40
54 40
31 41
36 41
41 42
93 43
89 44
63 45
96 46
30 47
56 47
95 48
36 49
26 49
29 49
77 50
36 51
68 52
89 53
92 54
38 55
79 56
90 57
98 58
41 59
82 60
37 61
88 62
21 63
48 63
94 64
30 65
53 65
77 66
65 67
93 68
69 69
5 69
56 70
65 71
34 71
11 72
59 72
22 72
88 73
39 74

0 90 90
1 84 84
2 19 19
3 96 96
4 67 67
5 78 78
6 37 37
7 83 83
8 89 89
9 53 53
10 72 72
11 95 95
12 32 27 59
13 42 39 81
14 73 73
15 43 28 71
16 33 33
17 95 95
18 72 72
19 60 60
20 71 71
21 43 25 27 95
22 36 11 47
23 54 23 77
24 52 52
25 89 89
26 41 41
27 99 99
28 7 71 78
29 35 35
30 89 11 100
31 88 88
32 13 5 71 89
33 39 39
34 99 99
35 9 63 72
36 93 93
37 88 88
38 96 96
39 87 11 98
40 7 10 54 71
41 31 36 67
42 41 41
43 93 93
44 89 89
45 63 63
46 96 96
47 30 56 86
48 95 95
49 36 26 29 91
50 77 77
51 36 36
52 68 68
53 89 89
54 92 92
55 38 38
56 79 79
57 90 90
58 98 98
59 41 41
60 82 82
61 37 37
62 88 88
63 21 48 69
64 94 94
65 30 53 83
66 77 77
67 65 65
68 93 93
69 69 5 74
70 56 56
71 65 34 99
72 11 59 22 92
73 88 88
74 39 39

First Fit:
