*Experiment #1*
2
4
39
58
34
19
77
55
8
46
12
17
1
50
57
56
51
62
95
73
31
45
77
6
39
14
47
4
65
12
91
66
16
29
24
1
99
100
55
59
97
19
27
97
20
36
4
70
97
98
94
27
42
70
84
33
84
30
36
48
42
26
65
9
7
88
9
57
39
15
67
35
33
94
83
52
29
86
74
77
36
67
4
29
37
87
61
20
69
97
19
10
74
83
70
32
23
30
41
61

Next Fit:
2 0
4 0
39 0
58 1
34 1
19 2
77 2
55 3
8 3
46 4
12 4
17 4
1 4
50 5
57 6
56 7
51 8
62 9
95 10
73 11
31 12
45 12
77 13
6 13
39 14
14 14
47 14
4 15
65 15
12 15
91 16
66 17
16 17
29 18
24 18
1 18
99 19
100 20
55 21
59 22
97 23
19 24
27 24
97 25
20 26
36 26
4 26
70 27
97 28
98 29
94 30
27 31
42 31
70 32
84 33
33 34
84 35
30 36
36 36
48 37
42 37
26 38
65 38
9 38
7 39
88 39
9 40
57 40
39 41
15 41
67 42
35 43
33 43
94 44
83 45
52 46
29 46
86 47
74 48
77 49
36 50
67 51
4 51
29 51
37 52
87 53
61 54
20 54
69 55
97 56
19 57
10 57
74 58
83 59
70 60
32 61
23 61
30 61
41 62
61 63

0 2 4 39 45
1 58 34 92
2 19 77 96
3 55 8 63
4 46 12 17 1 76
5 50 50
6 57 57
7 56 56
8 51 51
9 62 62
10 95 95
11 73 73
12 31 45 76
13 77 6 83
14 39 14 47 100
15 4 65 12 81
16 91 91
17 66 16 82
18 29 24 1 54
19 99 99
20 100 100
21 55 55
22 59 59
23 97 97
24 19 27 46
25 97 97
26 20 36 4 60
27 70 70
28 97 97
29 98 98
30 94 94
31 27 42 69
32 70 70
33 84 84
34 33 33
35 84 84
36 30 36 66
37 48 42 90
38 26 65 9 100
39 7 88 95
40 9 57 66
41 39 15 54
42 67 67
43 35 33 68
44 94 94
45 83 83
46 52 29 81
47 86 86
48 74 74
49 77 77
50 36 36
51 67 4 29 100
52 37 37
53 87 87
54 61 20 81
55 69 69
56 97 97
57 19 10 29
58 74 74
59 83 83
60 70 70
61 32 23 30 85
62 41 41
63 61 61

First Fit:
2 0
4 0
39 0
58 1
34 0
19 0
77 2
55 3
8 1
46 4
12 1
17 1
1 0
50 4
57 5
56 6
51 7
62 8
95 9
73 10
31 3
45 7
77 11
6 2
39 5
14 2
47 12
4 1
65 13
12 3
91 14
66 15
16 6
29 8
24 6
1 0
99 16
100 17
55 18
59 19
97 20
19 10
27 12
97 21
20 11
36 18
4 4
70 22
97 23
98 24
94 25
27 13
42 26
70 27
84 28
33 15
84 29
30 19
36 26
48 30
42 30
26 12
65 31
9 8
7 10
88 32
9 14
57 33
39 33
15 22
67 34
35 31
33 34
94 35
83 36
52 37
29 27
86 38
74 39
77 40
36 37
67 41
4 5
29 41
37 42
87 43
61 42
20 26
69 44
97 45
19 39
10 19
74 46
83 47
70 48
32 49
23 40
30 44
41 49
61 50

0 2 4 39 34 19 1 1 100
1 58 8 12 17 4 99
2 77 6 14 97
3 55 31 12 98
4 46 50 4 100
5 57 39 4 100
6 56 16 24 96
7 51 45 96
8 62 29 9 100
9 95 95
10 73 19 7 99
11 77 20 97
12 47 27 26 100
13 65 27 92
14 91 9 100
15 66 33 99
16 99 99
17 100 100
18 55 36 91
19 59 30 10 99
20 97 97
21 97 97
22 70 15 85
23 97 97
24 98 98
25 94 94
26 42 36 20 98
27 70 29 99
28 84 84
29 84 84
30 48 42 90
31 65 35 100
32 88 88
33 57 39 96
34 67 33 100
35 94 94
36 83 83
37 52 36 88
38 86 86
39 74 19 93
40 77 23 100
41 67 29 96
42 37 61 98
43 87 87
44 69 30 99
45 97 97
46 74 74
47 83 83
48 70 70
49 32 41 73
50 61 61

Best Fit:
2 0
4 0
39 0
58 1
34 1
19 0
77 2
55 3
8 1
46 4
12 2
17 0
1 2
50 4
57 5
56 6
51 7
62 8
95 9
73 10
31 8
45 3
77 11
6 8
39 5
14 0
47 7
4 4
65 12
12 11
91 13
66 14
16 10
29 14
24 12
1 8
99 15
100 16
55 17
59 18
97 19
19 18
27 6
97 20
20 18
36 17
4 5
70 21
97 22
98 23
94 24
27 21
42 25
70 26
84 27
33 25
84 28
30 26
36 29
48 29
42 30
26 30
65 31
9 13
7 17
88 32
9 2
57 33
39 33
15 27
67 34
35 31
33 34
94 35
83 36
52 37
29 30
86 38
74 39
77 40
36 37
67 41
4 33
29 41
37 42
87 43
61 42
20 40
69 44
97 45
19 25
10 10
74 46
83 47
70 48
32 49
23 39
30 48
41 49
61 50

0 2 4 39 19 17 14 95
1 58 34 8 100
2 77 12 1 9 99
3 55 45 100
4 46 50 4 100
5 57 39 4 100
6 56 27 83
7 51 47 98
8 62 31 6 1 100
9 95 95
10 73 16 10 99
11 77 12 89
12 65 24 89
13 91 9 100
14 66 29 95
15 99 99
16 100 100
17 55 36 7 98
18 59 19 20 98
19 97 97
20 97 97
21 70 27 97
22 97 97
23 98 98
24 94 94
25 42 33 19 94
26 70 30 100
27 84 15 99
28 84 84
29 36 48 84
30 42 26 29 97
31 65 35 100
32 88 88
33 57 39 4 100
34 67 33 100
35 94 94
36 83 83
37 52 36 88
38 86 86
39 74 23 97
40 77 20 97
41 67 29 96
42 37 61 98
43 87 87
44 69 69
45 97 97
46 74 74
47 83 83
48 70 30 100
49 32 41 73
50 61 61

First Fit Decreasing:
100 0
99 1
98 2
97 3
97 4
97 5
97 6
95 7
94 8
94 9
91 10
88 11
87 12
86 13
84 14
84 15
83 16
83 17
77 18
77 19
77 20
74 21
74 22
73 23
70 24
70 25
70 26
69 27
67 28
67 29
66 30
65 31
65 32
62 33
61 34
61 35
59 36
58 37
57 38
57 39
56 40
55 41
55 42
52 43
51 44
50 45
48 43
47 44
46 45
45 41
42 37
42 38
41 36
39 34
39 35
39 39
37 33
36 40
36 42
36 46
35 31
34 30
33 28
33 29
32 32
31 27
30 24
30 25
29 26
29 46
29 46
27 23
27 47
26 21
24 22
23 18
20 19
20 20
19 47
19 47
19 47
17 16
16 14
15 15
14 13
12 11
12 12
10 17
9 10
9 42
8 40
7 17
6 8
4 7
4 9
4 39
4 45
2 2
1 1
1 3

0 100 100
1 99 1 100
2 98 2 100
3 97 1 98
4 97 97
5 97 97
6 97 97
7 95 4 99
8 94 6 100
9 94 4 98
10 91 9 100
11 88 12 100
12 87 12 99
13 86 14 100
14 84 16 100
15 84 15 99
16 83 17 100
17 83 10 7 100
18 77 23 100
19 77 20 97
20 77 20 97
21 74 26 100
22 74 24 98
23 73 27 100
24 70 30 100
25 70 30 100
26 70 29 99
27 69 31 100
28 67 33 100
29 67 33 100
30 66 34 100
31 65 35 100
32 65 32 97
33 62 37 99
34 61 39 100
35 61 39 100
36 59 41 100
37 58 42 100
38 57 42 99
39 57 39 4 100
40 56 36 8 100
41 55 45 100
42 55 36 9 100
43 52 48 100
44 51 47 98
45 50 46 4 100
46 36 29 29 94
47 27 19 19 19 84

Best Fit Decreasing:
100 0
99 1
98 2
97 3
97 4
97 5
97 6
95 7
94 8
94 9
91 10
88 11
87 12
86 13
84 14
84 15
83 16
83 17
77 18
77 19
77 20
74 21
74 22
73 23
70 24
70 25
70 26
69 27
67 28
67 29
66 30
65 31
65 32
62 33
61 34
61 35
59 36
58 37
57 38
57 39
56 40
55 41
55 42
52 43
51 44
50 45
48 43
47 44
46 45
45 41
42 37
42 38
41 36
39 34
39 35
39 39
37 33
36 40
36 42
36 46
35 31
34 30
33 28
33 29
32 32
31 27
30 24
30 25
29 26
29 46
29 46
27 23
27 47
26 21
24 22
23 18
20 19
20 20
19 47
19 47
19 47
17 16
16 14
15 15
14 13
12 11
12 12
10 47
9 10
9 42
8 40
7 17
6 8
4 39
4 45
4 7
4 9
2 2
1 1
1 7

0 100 100
1 99 1 100
2 98 2 100
3 97 97
4 97 97
5 97 97
6 97 97
7 95 4 1 100
8 94 6 100
9 94 4 98
10 91 9 100
11 88 12 100
12 87 12 99
13 86 14 100
14 84 16 100
15 84 15 99
16 83 17 100
17 83 7 90
18 77 23 100
19 77 20 97
20 77 20 97
21 74 26 100
22 74 24 98
23 73 27 100
24 70 30 100
25 70 30 100
26 70 29 99
27 69 31 100
28 67 33 100
29 67 33 100
30 66 34 100
31 65 35 100
32 65 32 97
33 62 37 99
34 61 39 100
35 61 39 100
36 59 41 100
37 58 42 100
38 57 42 99
39 57 39 4 100
40 56 36 8 100
41 55 45 100
42 55 36 9 100
43 52 48 100
44 51 47 98
45 50 46 4 100
46 36 29 29 94
47 27 19 19 19 10 94

*Experiment #2*
44
7
48
29
100
82
32
80
20
5
57
7
72
60
35
60
98
96
31
66
44
49
27
69
31
96
53
5
25
93
18
21
99
65
49
51
98
80
30
69
85
86
75
8
97
10
19
47
57
49
12
52
97
91
20
79
86
72
84
11
16
1
83
15
17
31
65
14
10
94
35
46
32
9
5
28
70
23
74
26
23
38
77
19
28
49
50
65
72
33
27
88
33
9
2
1
39
18
66
1

Next Fit:
44 0
7 0
48 0
29 1
100 2
82 3
32 4
80 5
20 5
5 6
57 6
7 6
72 7
60 8
35 8
60 9
98 10
96 11
31 12
66 12
44 13
49 13
27 14
69 14
31 15
96 16
53 17
5 17
25 17
93 18
18 19
21 19
99 20
65 21
49 22
51 22
98 23
80 24
30 25
69 25
85 26
86 27
75 28
8 28
97 29
10 30
19 30
47 30
57 31
49 32
12 32
52 33
97 34
91 35
20 36
79 36
86 37
72 38
84 39
11 39
16 40
1 40
83 40
15 41
17 41
31 41
65 42
14 42
10 42
94 43
35 44
46 44
32 45
9 45
5 45
28 45
70 46
23 46
74 47
26 47
23 48
38 48
77 49
19 49
28 50
49 50
50 51
65 52
72 53
33 54
27 54
88 55
33 56
9 56
2 56
1 56
39 56
18 57
66 57
1 57

0 44 7 48 99
1 29 29
2 100 100
3 82 82
4 32 32
5 80 20 100
6 5 57 7 69
7 72 72
8 60 35 95
9 60 60
10 98 98
11 96 96
12 31 66 97
13 44 49 93
14 27 69 96
15 31 31
16 96 96
17 53 5 25 83
18 93 93
19 18 21 39
20 99 99
21 65 65
22 49 51 100
23 98 98
24 80 80
25 30 69 99
26 85 85
27 86 86
28 75 8 83
29 97 97
30 10 19 47 76
31 57 57
32 49 12 61
33 52 52
34 97 97
35 91 91
36 20 79 99
37 86 86
38 72 72
39 84 11 95
40 16 1 83 100
41 15 17 31 63
42 65 14 10 89
43 94 94
44 35 46 81
45 32 9 5 28 74
46 70 23 93
47 74 26 100
48 23 38 61
49 77 19 96
50 28 49 77
51 50 50
52 65 65
53 72 72
54 33 27 60
55 88 88
56 33 9 2 1 39 84
57 18 66 1 85

First Fit:
44 0
7 0
48 0
29 1
100 2
82 3
32 1
80 4
20 1
5 1
57 5
7 1
72 6
60 7
35 5
60 8
98 9
96 10
31 7
66 11
44 12
49 12
27 6
69 13
31 8
96 14
53 15
5 1
25 11
93 16
18 3
21 13
99 17
65 18
49 19
51 19
98 20
80 21
30 15
69 22
85 23
86 24
75 25
8 4
97 26
10 4
19 18
47 27
57 28
49 27
12 15
52 29
97 30
91 31
20 21
79 32
86 33
72 34
84 35
11 18
16 22
1 0
83 36
15 22
17 25
31 28
65 37
14 23
10 13
94 38
35 29
46 39
32 37
9 7
5 5
28 34
70 40
23 39
74 41
26 39
23 40
38 42
77 43
19 32
28 42
49 44
50 44
65 45
72 46
33 42
27 45
88 47
33 48
9 8
2 1
1 4
39 48
18 41
66 49
1 4

0 44 7 48 1 100
1 29 32 20 5 7 5 2 100
2 100 100
3 82 18 100
4 80 8 10 1 1 100
5 57 35 5 97
6 72 27 99
7 60 31 9 100
8 60 31 9 100
9 98 98
10 96 96
11 66 25 91
12 44 49 93
13 69 21 10 100
14 96 96
15 53 30 12 95
16 93 93
17 99 99
18 65 19 11 95
19 49 51 100
20 98 98
21 80 20 100
22 69 16 15 100
23 85 14 99
24 86 86
25 75 17 92
26 97 97
27 47 49 96
28 57 31 88
29 52 35 87
30 97 97
31 91 91
32 79 19 98
33 86 86
34 72 28 100
35 84 84
36 83 83
37 65 32 97
38 94 94
39 46 23 26 95
40 70 23 93
41 74 18 92
42 38 28 33 99
43 77 77
44 49 50 99
45 65 27 92
46 72 72
47 88 88
48 33 39 72
49 66 66

Best Fit:
44 0
7 0
48 0
29 1
100 2
82 3
32 1
80 4
20 4
5 3
57 5
7 3
72 6
60 7
35 1
60 8
98 9
96 10
31 7
66 11
44 12
49 12
27 6
69 13
31 13
96 14
53 15
5 3
25 11
93 16
18 8
21 8
99 17
65 18
49 19
51 19
98 20
80 21
30 18
69 22
85 23
86 24
75 25
8 7
97 26
10 24
19 21
47 15
57 27
49 28
12 23
52 29
97 30
91 31
20 25
79 32
86 33
72 34
84 35
11 33
16 35
1 0
83 36
15 36
17 32
31 22
65 37
14 34
10 34
94 38
35 37
46 29
32 5
9 11
5 18
28 27
70 39
23 39
74 40
26 40
23 28
38 41
77 42
19 42
28 28
49 41
50 43
65 44
72 45
33 44
27 45
88 46
33 43
9 31
2 9
1 3
39 47
18 47
66 48
1 6

0 44 7 48 1 100
1 29 32 35 96
2 100 100
3 82 5 7 5 1 100
4 80 20 100
5 57 32 89
6 72 27 1 100
7 60 31 8 99
8 60 18 21 99
9 98 2 100
10 96 96
11 66 25 9 100
12 44 49 93
13 69 31 100
14 96 96
15 53 47 100
16 93 93
17 99 99
18 65 30 5 100
19 49 51 100
20 98 98
21 80 19 99
22 69 31 100
23 85 12 97
24 86 10 96
25 75 20 95
26 97 97
27 57 28 85
28 49 23 28 100
29 52 46 98
30 97 97
31 91 9 100
32 79 17 96
33 86 11 97
34 72 14 10 96
35 84 16 100
36 83 15 98
37 65 35 100
38 94 94
39 70 23 93
40 74 26 100
41 38 49 87
42 77 19 96
43 50 33 83
44 65 33 98
45 72 27 99
46 88 88
47 39 18 57
48 66 66

First Fit Decreasing:
100 0
99 1
98 2
98 3
97 4
97 5
96 6
96 7
94 8
93 9
91 10
88 11
86 12
86 13
85 14
84 15
83 16
82 17
80 18
80 19
79 20
77 21
75 22
74 23
72 24
72 25
72 26
70 27
69 28
69 29
66 30
66 31
65 32
65 33
65 34
60 35
60 36
57 37
57 38
53 39
52 40
51 41
50 42
49 41
49 42
49 43
49 43
48 40
47 39
46 44
44 44
44 45
39 35
38 36
35 32
35 33
33 30
33 31
32 34
32 37
31 28
31 29
31 38
30 27
29 45
28 24
28 25
27 26
27 45
26 23
25 22
23 21
23 46
21 20
20 18
20 19
19 46
19 46
18 17
18 46
17 16
16 15
15 14
14 12
12 11
11 13
10 37
10 38
9 10
9 44
8 46
7 9
7 46
5 8
5 46
5 47
2 2
1 1
1 3
1 3

0 100 100
1 99 1 100
2 98 2 100
3 98 1 1 100
4 97 97
5 97 97
6 96 96
7 96 96
8 94 5 99
9 93 7 100
10 91 9 100
11 88 12 100
12 86 14 100
13 86 11 97
14 85 15 100
15 84 16 100
16 83 17 100
17 82 18 100
18 80 20 100
19 80 20 100
20 79 21 100
21 77 23 100
22 75 25 100
23 74 26 100
24 72 28 100
25 72 28 100
26 72 27 99
27 70 30 100
28 69 31 100
29 69 31 100
30 66 33 99
31 66 33 99
32 65 35 100
33 65 35 100
34 65 32 97
35 60 39 99
36 60 38 98
37 57 32 10 99
38 57 31 10 98
39 53 47 100
40 52 48 100
41 51 49 100
42 50 49 99
43 49 49 98
44 46 44 9 99
45 44 29 27 100
46 23 19 19 18 8 7 5 99
47 5 5

Best Fit Decreasing:
100 0
99 1
98 2
98 3
97 4
97 5
96 6
96 7
94 8
93 9
91 10
88 11
86 12
86 13
85 14
84 15
83 16
82 17
80 18
80 19
79 20
77 21
75 22
74 23
72 24
72 25
72 26
70 27
69 28
69 29
66 30
66 31
65 32
65 33
65 34
60 35
60 36
57 37
57 38
53 39
52 40
51 41
50 42
49 41
49 42
49 43
49 43
48 40
47 39
46 44
44 44
44 45
39 35
38 36
35 32
35 33
33 30
33 31
32 34
32 37
31 28
31 29
31 38
30 27
29 45
28 24
28 25
27 45
27 26
26 23
25 22
23 21
23 46
21 20
20 18
20 19
19 46
19 46
18 17
18 46
17 16
16 15
15 14
14 12
12 11
11 37
10 44
10 38
9 10
9 13
8 46
7 9
7 46
5 13
5 8
5 46
2 2
1 1
1 8
1 26

0 100 100
1 99 1 100
2 98 2 100
3 98 98
4 97 97
5 97 97
6 96 96
7 96 96
8 94 5 1 100
9 93 7 100
10 91 9 100
11 88 12 100
12 86 14 100
13 86 9 5 100
14 85 15 100
15 84 16 100
16 83 17 100
17 82 18 100
18 80 20 100
19 80 20 100
20 79 21 100
21 77 23 100
22 75 25 100
23 74 26 100
24 72 28 100
25 72 28 100
26 72 27 1 100
27 70 30 100
28 69 31 100
29 69 31 100
30 66 33 99
31 66 33 99
32 65 35 100
33 65 35 100
34 65 32 97
35 60 39 99
36 60 38 98
37 57 32 11 100
38 57 31 10 98
39 53 47 100
40 52 48 100
41 51 49 100
42 50 49 99
43 49 49 98
44 46 44 10 100
45 44 29 27 100
46 23 19 19 18 8 7 5 99

*Experiment #3*
63
100
98
94
9
55
74
78
29
99
56
52
36
32
22
15
32
71
80
4
3
6
43
87
67
96
87
5
13
53
57
75
52
7
21
12
61
94
42
89
92
97
92
80
80
14
94
12
84
25
67
39
83
61
25
49
56
64
5
68
68
62
94
71
68
14
83
80
7
76
68
51
72
60
30
51
25
23
14
8
48
32
46
82
92
23
30
47
38
34
66
5
47
60
27
14
73
61
93
32

Next Fit:
63 0
100 1
98 2
94 3
9 4
55 4
74 5
78 6
29 7
99 8
56 9
52 10
36 10
32 11
22 11
15 11
32 12
71 13
80 14
4 14
3 14
6 14
43 15
87 16
67 17
96 18
87 19
5 19
13 20
53 20
57 21
75 22
52 23
7 23
21 23
12 23
61 24
94 25
42 26
89 27
92 28
97 29
92 30
80 31
80 32
14 32
94 33
12 34
84 34
25 35
67 35
39 36
83 37
61 38
25 38
49 39
56 40
64 41
5 41
68 42
68 43
62 44
94 45
71 46
68 47
14 47
83 48
80 49
7 49
76 50
68 51
51 52
72 53
60 54
30 54
51 55
25 55
23 55
14 56
8 56
48 56
32 57
46 57
82 58
92 59
23 60
30 60
47 60
38 61
34 61
66 62
5 62
47 63
60 64
27 64
14 65
73 65
61 66
93 67
32 68

0 63 63
1 100 100
2 98 98
3 94 94
4 9 55 64
5 74 74
6 78 78
7 29 29
8 99 99
9 56 56
10 52 36 88
11 32 22 15 69
12 32 32
13 71 71
14 80 4 3 6 93
15 43 43
16 87 87
17 67 67
18 96 96
19 87 5 92
20 13 53 66
21 57 57
22 75 75
23 52 7 21 12 92
24 61 61
25 94 94
26 42 42
27 89 89
28 92 92
29 97 97
30 92 92
31 80 80
32 80 14 94
33 94 94
34 12 84 96
35 25 67 92
36 39 39
37 83 83
38 61 25 86
39 49 49
40 56 56
41 64 5 69
42 68 68
43 68 68
44 62 62
45 94 94
46 71 71
47 68 14 82
48 83 83
49 80 7 87
50 76 76
51 68 68
52 51 51
53 72 72
54 60 30 90
55 51 25 23 99
56 14 8 48 70
57 32 46 78
58 82 82
59 92 92
60 23 30 47 100
61 38 34 72
62 66 5 71
63 47 47
64 60 27 87
65 14 73 87
66 61 61
67 93 93
68 32 32

First Fit:
63 0
100 1
98 2
94 3
9 0
55 4
74 5
78 6
29 4
99 7
56 8
52 9
36 8
32 9
22 0
15 4
32 10
71 11
80 12
4 0
3 3
6 5
43 10
87 13
67 14
96 15
87 16
5 5
13 5
53 17
57 18
75 19
52 20
7 6
21 10
12 6
61 21
94 22
42 17
89 23
92 24
97 25
92 26
80 27
80 28
14 9
94 29
12 11
84 30
25 14
67 31
39 18
83 32
61 33
25 19
49 34
56 35
64 36
5 8
68 37
68 38
62 39
94 40
71 41
68 42
14 11
83 43
80 44
7 12
76 45
68 46
51 34
72 47
60 48
30 20
51 49
25 21
23 31
14 20
8 12
48 49
32 33
46 50
82 51
92 52
23 35
30 36
47 50
38 39
34 48
66 53
5 12
47 54
60 55
27 37
14 21
73 56
61 57
93 58
32 38

0 63 9 22 4 98
1 100 100
2 98 98
3 94 3 97
4 55 29 15 99
5 74 6 5 13 98
6 78 7 12 97
7 99 99
8 56 36 5 97
9 52 32 14 98
10 32 43 21 96
11 71 12 14 97
12 80 7 8 5 100
13 87 87
14 67 25 92
15 96 96
16 87 87
17 53 42 95
18 57 39 96
19 75 25 100
20 52 30 14 96
21 61 25 14 100
22 94 94
23 89 89
24 92 92
25 97 97
26 92 92
27 80 80
28 80 80
29 94 94
30 84 84
31 67 23 90
32 83 83
33 61 32 93
34 49 51 100
35 56 23 79
36 64 30 94
37 68 27 95
38 68 32 100
39 62 38 100
40 94 94
41 71 71
42 68 68
43 83 83
44 80 80
45 76 76
46 68 68
47 72 72
48 60 34 94
49 51 48 99
50 46 47 93
51 82 82
52 92 92
53 66 66
54 47 47
55 60 60
56 73 73
57 61 61
58 93 93

Best Fit:
63 0
100 1
98 2
94 3
9 0
55 4
74 5
78 6
29 4
99 7
56 8
52 9
36 8
32 9
22 6
15 4
32 10
71 11
80 12
4 3
3 8
6 9
43 10
87 13
67 14
96 15
87 16
5 8
13 13
53 17
57 18
75 19
52 20
7 9
21 10
12 16
61 21
94 22
42 18
89 23
92 24
97 25
92 26
80 27
80 28
14 12
94 29
12 27
84 30
25 19
67 31
39 21
83 32
61 33
25 5
49 34
56 35
64 36
5 12
68 37
68 38
62 39
94 40
71 41
68 42
14 30
83 43
80 44
7 24
76 45
68 46
51 34
72 47
60 48
30 37
51 49
25 0
23 45
14 32
8 26
48 20
32 38
46 17
82 50
92 51
23 47
30 42
47 49
38 39
34 36
66 52
5 47
47 53
60 54
27 11
14 43
73 55
61 56
93 57
32 46

0 63 9 25 97
1 100 100
2 98 98
3 94 4 98
4 55 29 15 99
5 74 25 99
6 78 22 100
7 99 99
8 56 36 3 5 100
9 52 32 6 7 97
10 32 43 21 96
11 71 27 98
12 80 14 5 99
13 87 13 100
14 67 67
15 96 96
16 87 12 99
17 53 46 99
18 57 42 99
19 75 25 100
20 52 48 100
21 61 39 100
22 94 94
23 89 89
24 92 7 99
25 97 97
26 92 8 100
27 80 12 92
28 80 80
29 94 94
30 84 14 98
31 67 67
32 83 14 97
33 61 61
34 49 51 100
35 56 56
36 64 34 98
37 68 30 98
38 68 32 100
39 62 38 100
40 94 94
41 71 71
42 68 30 98
43 83 14 97
44 80 80
45 76 23 99
46 68 32 100
47 72 23 5 100
48 60 60
49 51 47 98
50 82 82
51 92 92
52 66 66
53 47 47
54 60 60
55 73 73
56 61 61
57 93 93

First Fit Decreasing:
100 0
99 1
98 2
97 3
96 4
94 5
94 6
94 7
94 8
93 9
92 10
92 11
92 12
89 13
87 14
87 15
84 16
83 17
83 18
82 19
80 20
80 21
80 22
80 23
78 24
76 25
75 26
74 27
73 28
72 29
71 30
71 31
68 32
68 33
68 34
68 35
67 36
67 37
66 38
64 39
63 40
62 41
61 42
61 43
61 44
60 45
60 46
57 47
56 48
56 49
55 50
53 51
52 52
52 53
51 54
51 55
49 54
48 52
47 51
47 53
46 55
43 47
42 48
39 42
38 41
36 39
34 38
32 32
32 33
32 34
32 35
30 36
30 37
29 30
27 28
25 26
25 27
25 29
23 25
23 31
22 24
21 40
15 16
14 17
14 18
14 19
14 20
13 14
12 15
12 21
9 13
8 10
7 9
7 11
6 5
5 6
5 7
5 8
4 4
3 3

0 100 100
1 99 99
2 98 98
3 97 3 100
4 96 4 100
5 94 6 100
6 94 5 99
7 94 5 99
8 94 5 99
9 93 7 100
10 92 8 100
11 92 7 99
12 92 92
13 89 9 98
14 87 13 100
15 87 12 99
16 84 15 99
17 83 14 97
18 83 14 97
19 82 14 96
20 80 14 94
21 80 12 92
22 80 80
23 80 80
24 78 22 100
25 76 23 99
26 75 25 100
27 74 25 99
28 73 27 100
29 72 25 97
30 71 29 100
31 71 23 94
32 68 32 100
33 68 32 100
34 68 32 100
35 68 32 100
36 67 30 97
37 67 30 97
38 66 34 100
39 64 36 100
40 63 21 84
41 62 38 100
42 61 39 100
43 61 61
44 61 61
45 60 60
46 60 60
47 57 43 100
48 56 42 98
49 56 56
50 55 55
51 53 47 100
52 52 48 100
53 52 47 99
54 51 49 100
55 51 46 97

Best Fit Decreasing:
100 0
99 1
98 2
97 3
96 4
94 5
94 6
94 7
94 8
93 9
92 10
92 11
92 12
89 13
87 14
87 15
84 16
83 17
83 18
82 19
80 20
80 21
80 22
80 23
78 24
76 25
75 26
74 27
73 28
72 29
71 30
71 31
68 32
68 33
68 34
68 35
67 36
67 37
66 38
64 39
63 40
62 41
61 42
61 43
61 44
60 45
60 46
57 47
56 48
56 49
55 50
53 51
52 52
52 53
51 54
51 55
49 54
48 52
47 51
47 53
46 55
43 47
42 48
39 42
38 41
36 39
34 38
32 32
32 33
32 34
32 35
30 36
30 37
29 30
27 28
25 26
25 27
25 29
23 25
23 31
22 24
21 40
15 16
14 40
14 17
14 18
14 19
13 14
12 15
12 20
9 13
8 10
7 9
7 11
6 5
5 6
5 7
5 8
4 4
3 3

0 100 100
1 99 99
2 98 98
3 97 3 100
4 96 4 100
5 94 6 100
6 94 5 99
7 94 5 99
8 94 5 99
9 93 7 100
10 92 8 100
11 92 7 99
12 92 92
13 89 9 98
14 87 13 100
15 87 12 99
16 84 15 99
17 83 14 97
18 83 14 97
19 82 14 96
20 80 12 92
21 80 80
22 80 80
23 80 80
24 78 22 100
25 76 23 99
26 75 25 100
27 74 25 99
28 73 27 100
29 72 25 97
30 71 29 100
31 71 23 94
32 68 32 100
33 68 32 100
34 68 32 100
35 68 32 100
36 67 30 97
37 67 30 97
38 66 34 100
39 64 36 100
40 63 21 14 98
41 62 38 100
42 61 39 100
43 61 61
44 61 61
45 60 60
46 60 60
47 57 43 100
48 56 42 98
49 56 56
50 55 55
51 53 47 100
52 52 48 100
53 52 47 99
54 51 49 100
55 51 46 97

*Experiment #4*
36
13
82
7
24
63
10
48
85
23
7
84
55
5
65
98
79
46
45
16
80
10
72
26
21
98
92
46
59
36
77
94
48
10
53
23
72
62
70
8
84
77
44
90
33
60
88
11
6
84
26
85
93
49
62
66
46
5
11
56
41
87
2
40
48
54
63
71
67
32
78
2
60
21
92
44
81
31
54
38
66
31
22
10
79
35
75
77
40
85
32
80
23
85
19
70
38
33
40
56

Next Fit:
36 0
13 0
82 1
7 1
24 2
63 2
10 2
48 3
85 4
23 5
7 5
84 6
55 7
5 7
65 8
98 9
79 10
46 11
45 11
16 12
80 12
10 13
72 13
26 14
21 14
98 15
92 16
46 17
59 18
36 18
77 19
94 20
48 21
10 21
53 22
23 22
72 23
62 24
70 25
8 25
84 26
77 27
44 28
90 29
33 30
60 30
88 31
11 31
6 32
84 32
26 33
85 34
93 35
49 36
62 37
66 38
46 39
5 39
11 39
56 40
41 40
87 41
2 41
40 42
48 42
54 43
63 44
71 45
67 46
32 46
78 47
2 47
60 48
21 48
92 49
44 50
81 51
31 52
54 52
38 53
66 54
31 54
22 55
10 55
79 56
35 57
75 58
77 59
40 60
85 61
32 62
80 63
23 64
85 65
19 66
70 66
38 67
33 67
40 68
56 68

0 36 13 49
1 82 7 89
2 24 63 10 97
3 48 48
4 85 85
5 23 7 30
6 84 84
7 55 5 60
8 65 65
9 98 98
10 79 79
11 46 45 91
12 16 80 96
13 10 72 82
14 26 21 47
15 98 98
16 92 92
17 46 46
18 59 36 95
19 77 77
20 94 94
21 48 10 58
22 53 23 76
23 72 72
24 62 62
25 70 8 78
26 84 84
27 77 77
28 44 44
29 90 90
30 33 60 93
31 88 11 99
32 6 84 90
33 26 26
34 85 85
35 93 93
36 49 49
37 62 62
38 66 66
39 46 5 11 62
40 56 41 97
41 87 2 89
42 40 48 88
43 54 54
44 63 63
45 71 71
46 67 32 99
47 78 2 80
48 60 21 81
49 92 92
50 44 44
51 81 81
52 31 54 85
53 38 38
54 66 31 97
55 22 10 32
56 79 79
57 35 35
58 75 75
59 77 77
60 40 40
61 85 85
62 32 32
63 80 80
64 23 23
65 85 85
66 19 70 89
67 38 33 71
68 40 56 96

First Fit:
36 0
13 0
82 1
7 0
24 0
63 2
10 0
48 3
85 4
23 2
7 0
84 5
55 6
5 1
65 7
98 8
79 9
46 3
45 6
16 5
80 10
10 1
72 11
26 7
21 9
98 12
92 13
46 14
59 15
36 14
77 16
94 17
48 18
10 2
53 19
23 11
72 20
62 21
70 22
8 4
84 23
77 24
44 18
90 25
33 15
60 26
88 27
11 10
6 3
84 28
26 19
85 29
93 30
49 31
62 32
66 33
46 31
5 4
11 14
56 34
41 34
87 35
2 0
40 26
48 36
54 37
63 38
71 39
67 40
32 21
78 41
2 1
60 42
21 16
92 43
44 36
81 44
31 32
54 45
38 37
66 46
31 33
22 20
10 19
79 47
35 38
75 48
77 49
40 42
85 50
32 40
80 51
23 22
85 52
19 24
70 53
38 45
33 46
40 54
56 54

0 36 13 7 24 10 7 2 99
1 82 5 10 2 99
2 63 23 10 96
3 48 46 6 100
4 85 8 5 98
5 84 16 100
6 55 45 100
7 65 26 91
8 98 98
9 79 21 100
10 80 11 91
11 72 23 95
12 98 98
13 92 92
14 46 36 11 93
15 59 33 92
16 77 21 98
17 94 94
18 48 44 92
19 53 26 10 89
20 72 22 94
21 62 32 94
22 70 23 93
23 84 84
24 77 19 96
25 90 90
26 60 40 100
27 88 88
28 84 84
29 85 85
30 93 93
31 49 46 95
32 62 31 93
33 66 31 97
34 56 41 97
35 87 87
36 48 44 92
37 54 38 92
38 63 35 98
39 71 71
40 67 32 99
41 78 78
42 60 40 100
43 92 92
44 81 81
45 54 38 92
46 66 33 99
47 79 79
48 75 75
49 77 77
50 85 85
51 80 80
52 85 85
53 70 70
54 40 56 96

Best Fit:
36 0
13 0
82 1
7 1
24 0
63 2
10 1
48 3
85 4
23 0
7 4
84 5
55 6
5 4
65 7
98 8
79 9
46 3
45 6
16 5
80 10
10 10
72 11
26 11
21 9
98 12
92 13
46 14
59 15
36 2
77 16
94 17
48 14
10 10
53 18
23 16
72 19
62 20
70 21
8 13
84 22
77 23
44 18
90 24
33 7
60 25
88 26
11 26
6 3
84 27
26 19
85 28
93 29
49 30
62 31
66 32
46 30
5 30
11 28
56 33
41 15
87 34
2 7
40 25
48 35
54 36
63 37
71 38
67 39
32 39
78 40
2 8
60 41
21 40
92 42
44 33
81 43
31 32
54 44
38 20
66 45
31 45
22 23
10 24
79 46
35 37
75 47
77 48
40 41
85 49
32 31
80 50
23 48
85 51
19 43
70 52
38 36
33 44
40 35
56 53

0 36 13 24 23 96
1 82 7 10 99
2 63 36 99
3 48 46 6 100
4 85 7 5 97
5 84 16 100
6 55 45 100
7 65 33 2 100
8 98 2 100
9 79 21 100
10 80 10 10 100
11 72 26 98
12 98 98
13 92 8 100
14 46 48 94
15 59 41 100
16 77 23 100
17 94 94
18 53 44 97
19 72 26 98
20 62 38 100
21 70 70
22 84 84
23 77 22 99
24 90 10 100
25 60 40 100
26 88 11 99
27 84 84
28 85 11 96
29 93 93
30 49 46 5 100
31 62 32 94
32 66 31 97
33 56 44 100
34 87 87
35 48 40 88
36 54 38 92
37 63 35 98
38 71 71
39 67 32 99
40 78 21 99
41 60 40 100
42 92 92
43 81 19 100
44 54 33 87
45 66 31 97
46 79 79
47 75 75
48 77 23 100
49 85 85
50 80 80
51 85 85
52 70 70
53 56 56

First Fit Decreasing:
98 0
98 1
94 2
93 3
92 4
92 5
90 6
88 7
87 8
85 9
85 10
85 11
85 12
84 13
84 14
84 15
82 16
81 17
80 18
80 19
79 20
79 21
78 22
77 23
77 24
77 25
75 26
72 27
72 28
71 29
70 30
70 31
67 32
66 33
66 34
65 35
63 36
63 37
62 38
62 39
60 40
60 41
59 42
56 43
56 44
55 45
54 46
54 47
53 48
49 49
48 49
48 50
48 50
46 46
46 47
46 48
45 45
44 43
44 44
41 42
40 40
40 41
40 51
38 38
38 39
36 36
36 37
35 35
33 32
33 33
32 34
32 51
31 52
31 52
26 27
26 28
24 26
23 23
23 24
23 25
22 22
21 20
21 21
19 17
16 13
13 8
11 7
11 9
10 6
10 10
10 11
10 12
8 4
7 3
7 5
6 2
5 10
5 11
2 0
2 1

0 98 2 100
1 98 2 100
2 94 6 100
3 93 7 100
4 92 8 100
5 92 7 99
6 90 10 100
7 88 11 99
8 87 13 100
9 85 11 96
10 85 10 5 100
11 85 10 5 100
12 85 10 95
13 84 16 100
14 84 84
15 84 84
16 82 82
17 81 19 100
18 80 80
19 80 80
20 79 21 100
21 79 21 100
22 78 22 100
23 77 23 100
24 77 23 100
25 77 23 100
26 75 24 99
27 72 26 98
28 72 26 98
29 71 71
30 70 70
31 70 70
32 67 33 100
33 66 33 99
34 66 32 98
35 65 35 100
36 63 36 99
37 63 36 99
38 62 38 100
39 62 38 100
40 60 40 100
41 60 40 100
42 59 41 100
43 56 44 100
44 56 44 100
45 55 45 100
46 54 46 100
47 54 46 100
48 53 46 99
49 49 48 97
50 48 48 96
51 40 32 72
52 31 31 62

Best Fit Decreasing:
98 0
98 1
94 2
93 3
92 4
92 5
90 6
88 7
87 8
85 9
85 10
85 11
85 12
84 13
84 14
84 15
82 16
81 17
80 18
80 19
79 20
79 21
78 22
77 23
77 24
77 25
75 26
72 27
72 28
71 29
70 30
70 31
67 32
66 33
66 34
65 35
63 36
63 37
62 38
62 39
60 40
60 41
59 42
56 43
56 44
55 45
54 46
54 47
53 48
49 49
48 49
48 50
48 50
46 46
46 47
46 48
45 45
44 43
44 44
41 42
40 40
40 41
40 51
38 38
38 39
36 36
36 37
35 35
33 32
33 33
32 34
32 51
31 52
31 52
26 27
26 28
24 26
23 23
23 24
23 25
22 22
21 20
21 21
19 17
16 13
13 8
11 7
11 9
10 6
10 10
10 11
10 12
8 4
7 3
7 5
6 2
5 10
5 11
2 0
2 1

0 98 2 100
1 98 2 100
2 94 6 100
3 93 7 100
4 92 8 100
5 92 7 99
6 90 10 100
7 88 11 99
8 87 13 100
9 85 11 96
10 85 10 5 100
11 85 10 5 100
12 85 10 95
13 84 16 100
14 84 84
15 84 84
16 82 82
17 81 19 100
18 80 80
19 80 80
20 79 21 100
21 79 21 100
22 78 22 100
23 77 23 100
24 77 23 100
25 77 23 100
26 75 24 99
27 72 26 98
28 72 26 98
29 71 71
30 70 70
31 70 70
32 67 33 100
33 66 33 99
34 66 32 98
35 65 35 100
36 63 36 99
37 63 36 99
38 62 38 100
39 62 38 100
40 60 40 100
41 60 40 100
42 59 41 100
43 56 44 100
44 56 44 100
45 55 45 100
46 54 46 100
47 54 46 100
48 53 46 99
49 49 48 97
50 48 48 96
51 40 32 72
52 31 31 62

*Experiment #5*
17
70
58
28
90
49
72
22
31
25
59
96
56
32
57
86
67
32
62
58
16
46
89
39
30
59
60
20
92
100
75
8
69
32
35
10
32
6
84
14
83
42
61
38
26
18
23
44
49
37
1
64
82
89
54
63
99
14
82
90
65
9
97
85
92
84
94
24
89
29
37
71
71
50
60
48
67
35
91
15
71
43
30
4
83
36
66
81
1
100
71
65
8
19
49
99
2
94
74
91

Next Fit:
17 0
70 0
58 1
28 1
90 2
49 3
72 4
22 4
31 5
25 5
59 6
96 7
56 8
32 8
57 9
86 10
67 11
32 11
62 12
58 13
16 13
46 14
89 15
39 16
30 16
59 17
60 18
20 18
92 19
100 20
75 21
8 21
69 22
32 23
35 23
10 23
32 24
6 24
84 25
14 25
83 26
42 27
61 28
38 28
26 29
18 29
23 29
44 30
49 30
37 31
1 31
64 32
82 33
89 34
54 35
63 36
99 37
14 38
82 38
90 39
65 40
9 40
97 41
85 42
92 43
84 44
94 45
24 46
89 47
29 48
37 48
71 49
71 50
50 51
60 52
48 53
67 54
35 55
91 56
15 57
71 57
43 58
30 58
4 58
83 59
36 60
66 61
81 62
1 62
100 63
71 64
65 65
8 65
19 65
49 66
99 67
2 68
94 68
74 69
91 70

0 17 70 87
1 58 28 86
2 90 90
3 49 49
4 72 22 94
5 31 25 56
6 59 59
7 96 96
8 56 32 88
9 57 57
10 86 86
11 67 32 99
12 62 62
13 58 16 74
14 46 46
15 89 89
16 39 30 69
17 59 59
18 60 20 80
19 92 92
20 100 100
21 75 8 83
22 69 69
23 32 35 10 77
24 32 6 38
25 84 14 98
26 83 83
27 42 42
28 61 38 99
29 26 18 23 67
30 44 49 93
31 37 1 38
32 64 64
33 82 82
34 89 89
35 54 54
36 63 63
37 99 99
38 14 82 96
39 90 90
40 65 9 74
41 97 97
42 85 85
43 92 92
44 84 84
45 94 94
46 24 24
47 89 89
48 29 37 66
49 71 71
50 71 71
51 50 50
52 60 60
53 48 48
54 67 67
55 35 35
56 91 91
57 15 71 86
58 43 30 4 77
59 83 83
60 36 36
61 66 66
62 81 1 82
63 100 100
64 71 71
65 65 8 19 92
66 49 49
67 99 99
68 2 94 96
69 74 74
70 91 91

First Fit:
17 0
70 0
58 1
28 1
90 2
49 3
72 4
22 3
31 5
25 3
59 5
96 6
56 7
32 7
57 8
86 9
67 10
32 8
62 11
58 12
16 4
46 13
89 14
39 12
30 10
59 15
60 16
20 11
92 17
100 18
75 19
8 0
69 20
32 13
35 15
10 1
32 16
6 2
84 21
14 9
83 22
42 23
61 24
38 23
26 20
18 11
23 19
44 25
49 25
37 24
1 0
64 26
82 27
89 28
54 29
63 30
99 31
14 13
82 32
90 33
65 34
9 4
97 35
85 36
92 37
84 38
94 39
24 26
89 40
29 29
37 30
71 41
71 42
50 43
60 44
48 43
67 45
35 34
91 46
15 21
71 47
43 48
30 44
4 0
83 49
36 48
66 50
81 51
1 1
100 52
71 53
65 54
8 5
19 23
49 55
99 56
2 1
94 57
74 58
91 59

0 17 70 8 1 4 100
1 58 28 10 1 2 99
2 90 6 96
3 49 22 25 96
4 72 16 9 97
5 31 59 8 98
6 96 96
7 56 32 88
8 57 32 89
9 86 14 100
10 67 30 97
11 62 20 18 100
12 58 39 97
13 46 32 14 92
14 89 89
15 59 35 94
16 60 32 92
17 92 92
18 100 100
19 75 23 98
20 69 26 95
21 84 15 99
22 83 83
23 42 38 19 99
24 61 37 98
25 44 49 93
26 64 24 88
27 82 82
28 89 89
29 54 29 83
30 63 37 100
31 99 99
32 82 82
33 90 90
34 65 35 100
35 97 97
36 85 85
37 92 92
38 84 84
39 94 94
40 89 89
41 71 71
42 71 71
43 50 48 98
44 60 30 90
45 67 67
46 91 91
47 71 71
48 43 36 79
49 83 83
50 66 66
51 81 81
52 100 100
53 71 71
54 65 65
55 49 49
56 99 99
57 94 94
58 74 74
59 91 91

Best Fit:
17 0
70 0
58 1
28 1
90 2
49 3
72 4
22 4
31 3
25 5
59 5
96 6
56 7
32 7
57 8
86 9
67 10
32 10
62 11
58 12
16 5
46 13
89 14
39 12
30 11
59 15
60 16
20 3
92 17
100 18
75 19
8 11
69 20
32 16
35 15
10 2
32 8
6 4
84 21
14 1
83 22
42 13
61 23
38 23
26 20
18 19
23 24
44 24
49 25
37 25
1 10
64 26
82 27
89 28
54 29
63 30
99 31
14 9
82 32
90 33
65 34
9 33
97 35
85 36
92 37
84 38
94 39
24 24
89 40
29 34
37 30
71 41
71 42
50 43
60 44
48 43
67 45
35 26
91 46
15 36
71 47
43 29
30 45
4 6
83 48
36 44
66 49
81 50
1 23
100 51
71 52
65 53
8 16
19 50
49 54
99 55
2 43
94 56
74 57
91 58

0 17 70 87
1 58 28 14 100
2 90 10 100
3 49 31 20 100
4 72 22 6 100
5 25 59 16 100
6 96 4 100
7 56 32 88
8 57 32 89
9 86 14 100
10 67 32 1 100
11 62 30 8 100
12 58 39 97
13 46 42 88
14 89 89
15 59 35 94
16 60 32 8 100
17 92 92
18 100 100
19 75 18 93
20 69 26 95
21 84 84
22 83 83
23 61 38 1 100
24 23 44 24 91
25 49 37 86
26 64 35 99
27 82 82
28 89 89
29 54 43 97
30 63 37 100
31 99 99
32 82 82
33 90 9 99
34 65 29 94
35 97 97
36 85 15 100
37 92 92
38 84 84
39 94 94
40 89 89
41 71 71
42 71 71
43 50 48 2 100
44 60 36 96
45 67 30 97
46 91 91
47 71 71
48 83 83
49 66 66
50 81 19 100
51 100 100
52 71 71
53 65 65
54 49 49
55 99 99
56 94 94
57 74 74
58 91 91

First Fit Decreasing:
100 0
100 1
99 2
99 3
97 4
96 5
94 6
94 7
92 8
92 9
91 10
91 11
90 12
90 13
89 14
89 15
89 16
86 17
85 18
84 19
84 20
83 21
83 22
82 23
82 24
81 25
75 26
74 27
72 28
71 29
71 30
71 31
71 32
70 33
69 34
67 35
67 36
66 37
65 38
65 39
64 40
63 41
62 42
61 43
60 44
60 45
59 46
59 47
58 48
58 49
57 50
56 51
54 52
50 53
49 53
49 54
49 54
48 55
46 52
44 51
43 50
42 48
39 43
38 42
37 41
37 44
36 40
35 38
35 39
32 35
32 36
32 37
32 45
31 34
30 33
30 46
29 29
28 28
26 27
25 26
24 30
23 31
22 32
20 47
19 25
18 23
17 21
16 19
15 18
14 17
14 20
10 12
9 10
8 8
8 9
6 6
4 5
2 4
1 2
1 3

0 100 100
1 100 100
2 99 1 100
3 99 1 100
4 97 2 99
5 96 4 100
6 94 6 100
7 94 94
8 92 8 100
9 92 8 100
10 91 9 100
11 91 91
12 90 10 100
13 90 90
14 89 89
15 89 89
16 89 89
17 86 14 100
18 85 15 100
19 84 16 100
20 84 14 98
21 83 17 100
22 83 83
23 82 18 100
24 82 82
25 81 19 100
26 75 25 100
27 74 26 100
28 72 28 100
29 71 29 100
30 71 24 95
31 71 23 94
32 71 22 93
33 70 30 100
34 69 31 100
35 67 32 99
36 67 32 99
37 66 32 98
38 65 35 100
39 65 35 100
40 64 36 100
41 63 37 100
42 62 38 100
43 61 39 100
44 60 37 97
45 60 32 92
46 59 30 89
47 59 20 79
48 58 42 100
49 58 58
50 57 43 100
51 56 44 100
52 54 46 100
53 50 49 99
54 49 49 98
55 48 48

Best Fit Decreasing:
100 0
100 1
99 2
99 3
97 4
96 5
94 6
94 7
92 8
92 9
91 10
91 11
90 12
90 13
89 14
89 15
89 16
86 17
85 18
84 19
84 20
83 21
83 22
82 23
82 24
81 25
75 26
74 27
72 28
71 29
71 30
71 31
71 32
70 33
69 34
67 35
67 36
66 37
65 38
65 39
64 40
63 41
62 42
61 43
60 44
60 45
59 46
59 47
58 48
58 49
57 50
56 51
54 52
50 53
49 53
49 54
49 54
48 55
46 52
44 51
43 50
42 48
39 43
38 42
37 41
37 44
36 40
35 38
35 39
32 35
32 36
32 37
32 45
31 34
30 33
30 46
29 29
28 28
26 27
25 26
24 30
23 31
22 32
20 47
19 25
18 23
17 21
16 19
15 18
14 17
14 20
10 12
9 10
8 8
8 9
6 6
4 5
2 20
1 2
1 3

0 100 100
1 100 100
2 99 1 100
3 99 1 100
4 97 97
5 96 4 100
6 94 6 100
7 94 94
8 92 8 100
9 92 8 100
10 91 9 100
11 91 91
12 90 10 100
13 90 90
14 89 89
15 89 89
16 89 89
17 86 14 100
18 85 15 100
19 84 16 100
20 84 14 2 100
21 83 17 100
22 83 83
23 82 18 100
24 82 82
25 81 19 100
26 75 25 100
27 74 26 100
28 72 28 100
29 71 29 100
30 71 24 95
31 71 23 94
32 71 22 93
33 70 30 100
34 69 31 100
35 67 32 99
36 67 32 99
37 66 32 98
38 65 35 100
39 65 35 100
40 64 36 100
41 63 37 100
42 62 38 100
43 61 39 100
44 60 37 97
45 60 32 92
46 59 30 89
47 59 20 79
48 58 42 100
49 58 58
50 57 43 100
51 56 44 100
52 54 46 100
53 50 49 99
54 49 49 98
55 48 48

*Experiment #6*
23
63
13
45
12
73
92
78
59
82
44
29
76
25
32
58
60
49
38
60
48
60
76
7
79
24
6
80
70
79
22
44
93
87
88
4
11
31
33
69
64
76
49
39
1
32
96
12
80
33
72
28
45
47
86
23
23
91
54
44
22
28
87
66
14
74
70
76
56
2
44
19
30
44
57
82
75
52
93
54
36
16
33
80
15
19
54
37
61
60
32
34
87
18
100
52
43
21
27
98

Next Fit:
23 0
63 0
13 0
45 1
12 1
73 2
92 3
78 4
59 5
82 6
44 7
29 7
76 8
25 9
32 9
58 10
60 11
49 12
38 12
60 13
48 14
60 15
76 16
7 16
79 17
24 18
6 18
80 19
70 20
79 21
22 22
44 22
93 23
87 24
88 25
4 25
11 26
31 26
33 26
69 27
64 28
76 29
49 30
39 30
1 30
32 31
96 32
12 33
80 33
33 34
72 35
28 35
45 36
47 36
86 37
23 38
23 38
91 39
54 40
44 40
22 41
28 41
87 42
66 43
14 43
74 44
70 45
76 46
56 47
2 47
44 48
19 48
30 48
44 49
57 50
82 51
75 52
52 53
93 54
54 55
36 55
16 56
33 56
80 57
15 57
19 58
54 58
37 59
61 59
60 60
32 60
34 61
87 62
18 63
100 64
52 65
43 65
21 66
27 66
98 67

0 23 63 13 99
1 45 12 57
2 73 73
3 92 92
4 78 78
5 59 59
6 82 82
7 44 29 73
8 76 76
9 25 32 57
10 58 58
11 60 60
12 49 38 87
13 60 60
14 48 48
15 60 60
16 76 7 83
17 79 79
18 24 6 30
19 80 80
20 70 70
21 79 79
22 22 44 66
23 93 93
24 87 87
25 88 4 92
26 11 31 33 75
27 69 69
28 64 64
29 76 76
30 49 39 1 89
31 32 32
32 96 96
33 12 80 92
34 33 33
35 72 28 100
36 45 47 92
37 86 86
38 23 23 46
39 91 91
40 54 44 98
41 22 28 50
42 87 87
43 66 14 80
44 74 74
45 70 70
46 76 76
47 56 2 58
48 44 19 30 93
49 44 44
50 57 57
51 82 82
52 75 75
53 52 52
54 93 93
55 54 36 90
56 16 33 49
57 80 15 95
58 19 54 73
59 37 61 98
60 60 32 92
61 34 34
62 87 87
63 18 18
64 100 100
65 52 43 95
66 21 27 48
67 98 98

First Fit:
23 0
63 0
13 0
45 1
12 1
73 2
92 3
78 4
59 5
82 6
44 7
29 1
76 8
25 2
32 5
58 9
60 10
49 7
38 9
60 11
48 12
60 13
76 14
7 1
79 15
24 8
6 1
80 16
70 17
79 18
22 4
44 12
93 19
87 20
88 21
4 3
11 6
31 10
33 11
69 22
64 23
76 24
49 25
39 13
1 0
32 23
96 26
12 14
80 27
33 25
72 28
28 17
45 29
47 29
86 30
23 22
23 24
91 31
54 32
44 32
22 28
28 33
87 34
66 33
14 15
74 35
70 36
76 37
56 38
2 2
44 38
19 16
30 36
44 39
57 40
82 41
75 42
52 39
93 43
54 44
36 40
16 18
33 44
80 45
15 25
19 27
54 46
37 46
61 47
60 48
32 47
34 48
87 49
18 35
100 50
52 51
43 51
21 37
27 52
98 53

0 23 63 13 1 100
1 45 12 29 7 6 99
2 73 25 2 100
3 92 4 96
4 78 22 100
5 59 32 91
6 82 11 93
7 44 49 93
8 76 24 100
9 58 38 96
10 60 31 91
11 60 33 93
12 48 44 92
13 60 39 99
14 76 12 88
15 79 14 93
16 80 19 99
17 70 28 98
18 79 16 95
19 93 93
20 87 87
21 88 88
22 69 23 92
23 64 32 96
24 76 23 99
25 49 33 15 97
26 96 96
27 80 19 99
28 72 22 94
29 45 47 92
30 86 86
31 91 91
32 54 44 98
33 28 66 94
34 87 87
35 74 18 92
36 70 30 100
37 76 21 97
38 56 44 100
39 44 52 96
40 57 36 93
41 82 82
42 75 75
43 93 93
44 54 33 87
45 80 80
46 54 37 91
47 61 32 93
48 60 34 94
49 87 87
50 100 100
51 52 43 95
52 27 27
53 98 98

Best Fit:
23 0
63 0
13 0
45 1
12 1
73 2
92 3
78 4
59 5
82 6
44 7
29 5
76 8
25 2
32 1
58 9
60 10
49 7
38 10
60 11
48 12
60 13
76 14
7 7
79 15
24 8
6 3
80 16
70 17
79 18
22 4
44 12
93 19
87 20
88 21
4 19
11 1
31 11
33 13
69 22
64 23
76 24
49 25
39 9
1 0
32 23
96 26
12 5
80 27
33 25
72 28
28 28
45 29
47 29
86 30
23 14
23 24
91 31
54 32
44 32
22 17
28 22
87 33
66 34
14 30
74 35
70 36
76 37
56 38
2 2
44 38
19 16
30 36
44 39
57 40
82 41
75 42
52 39
93 43
54 44
36 40
16 6
33 34
80 45
15 25
19 27
54 46
37 44
61 47
60 48
32 47
34 48
87 49
18 41
100 50
52 51
43 46
21 15
27 51
98 52

0 23 63 13 1 100
1 45 12 32 11 100
2 73 25 2 100
3 92 6 98
4 78 22 100
5 59 29 12 100
6 82 16 98
7 44 49 7 100
8 76 24 100
9 58 39 97
10 60 38 98
11 60 31 91
12 48 44 92
13 60 33 93
14 76 23 99
15 79 21 100
16 80 19 99
17 70 22 92
18 79 79
19 93 4 97
20 87 87
21 88 88
22 69 28 97
23 64 32 96
24 76 23 99
25 49 33 15 97
26 96 96
27 80 19 99
28 72 28 100
29 45 47 92
30 86 14 100
31 91 91
32 54 44 98
33 87 87
34 66 33 99
35 74 74
36 70 30 100
37 76 76
38 56 44 100
39 44 52 96
40 57 36 93
41 82 18 100
42 75 75
43 93 93
44 54 37 91
45 80 80
46 54 43 97
47 61 32 93
48 60 34 94
49 87 87
50 100 100
51 52 27 79
52 98 98

First Fit Decreasing:
100 0
98 1
96 2
93 3
93 4
92 5
91 6
88 7
87 8
87 9
87 10
86 11
82 12
82 13
80 14
80 15
80 16
79 17
79 18
78 19
76 20
76 21
76 22
76 23
75 24
74 25
73 26
72 27
70 28
70 29
69 30
66 31
64 32
63 33
61 34
60 35
60 36
60 37
60 38
59 39
58 40
57 41
56 42
54 43
54 44
54 45
52 46
52 47
49 48
49 48
48 46
47 47
45 43
45 44
44 42
44 45
44 49
44 49
44 50
43 41
39 34
38 35
37 33
36 32
34 31
33 36
33 37
33 38
32 39
32 40
32 50
31 30
30 28
29 29
28 27
28 51
27 26
25 24
24 20
23 21
23 22
23 23
22 19
22 25
21 17
19 14
19 15
18 12
16 13
15 16
14 11
13 8
12 7
12 9
11 10
7 3
6 4
4 2
2 1
1 4

0 100 100
1 98 2 100
2 96 4 100
3 93 7 100
4 93 6 1 100
5 92 92
6 91 91
7 88 12 100
8 87 13 100
9 87 12 99
10 87 11 98
11 86 14 100
12 82 18 100
13 82 16 98
14 80 19 99
15 80 19 99
16 80 15 95
17 79 21 100
18 79 79
19 78 22 100
20 76 24 100
21 76 23 99
22 76 23 99
23 76 23 99
24 75 25 100
25 74 22 96
26 73 27 100
27 72 28 100
28 70 30 100
29 70 29 99
30 69 31 100
31 66 34 100
32 64 36 100
33 63 37 100
34 61 39 100
35 60 38 98
36 60 33 93
37 60 33 93
38 60 33 93
39 59 32 91
40 58 32 90
41 57 43 100
42 56 44 100
43 54 45 99
44 54 45 99
45 54 44 98
46 52 48 100
47 52 47 99
48 49 49 98
49 44 44 88
50 44 32 76
51 28 28

Best Fit Decreasing:
100 0
98 1
96 2
93 3
93 4
92 5
91 6
88 7
87 8
87 9
87 10
86 11
82 12
82 13
80 14
80 15
80 16
79 17
79 18
78 19
76 20
76 21
76 22
76 23
75 24
74 25
73 26
72 27
70 28
70 29
69 30
66 31
64 32
63 33
61 34
60 35
60 36
60 37
60 38
59 39
58 40
57 41
56 42
54 43
54 44
54 45
52 46
52 47
49 48
49 48
48 46
47 47
45 43
45 44
44 42
44 45
44 49
44 49
44 50
43 41
39 34
38 35
37 33
36 32
34 31
33 36
33 37
33 38
32 39
32 40
32 50
31 30
30 28
29 29
28 27
28 51
27 26
25 24
24 20
23 21
23 22
23 23
22 19
22 50
21 17
19 14
19 15
18 12
16 13
15 16
14 11
13 8
12 7
12 49
11 9
7 3
6 4
4 2
2 1
1 4

0 100 100
1 98 2 100
2 96 4 100
3 93 7 100
4 93 6 1 100
5 92 92
6 91 91
7 88 12 100
8 87 13 100
9 87 11 98
10 87 87
11 86 14 100
12 82 18 100
13 82 16 98
14 80 19 99
15 80 19 99
16 80 15 95
17 79 21 100
18 79 79
19 78 22 100
20 76 24 100
21 76 23 99
22 76 23 99
23 76 23 99
24 75 25 100
25 74 74
26 73 27 100
27 72 28 100
28 70 30 100
29 70 29 99
30 69 31 100
31 66 34 100
32 64 36 100
33 63 37 100
34 61 39 100
35 60 38 98
36 60 33 93
37 60 33 93
38 60 33 93
39 59 32 91
40 58 32 90
41 57 43 100
42 56 44 100
43 54 45 99
44 54 45 99
45 54 44 98
46 52 48 100
47 52 47 99
48 49 49 98
49 44 44 12 100
50 44 32 22 98
51 28 28

*Experiment #7*
22
22
16
3
17
72
84
91
75
77
44
62
92
29
94
6
99
47
94
11
6
25
45
44
94
96
47
36
16
25
33
89
98
48
92
14
71
75
4
97
3
100
59
47
28
52
52
78
50
98
88
8
74
84
3
68
31
50
3
46
74
88
87
72
87
30
85
58
56
89
6
59
40
64
5
19
67
8
96
69
57
35
28
31
19
30
98
1
79
100
99
5
87
85
28
74
66
12
83
21

Next Fit:
22 0
22 0
16 0
3 0
17 0
72 1
84 2
91 3
75 4
77 5
44 6
62 7
92 8
29 9
94 10
6 10
99 11
47 12
94 13
11 14
6 14
25 14
45 14
44 15
94 16
96 17
47 18
36 18
16 18
25 19
33 19
89 20
98 21
48 22
92 23
14 24
71 24
75 25
4 25
97 26
3 26
100 27
59 28
47 29
28 29
52 30
52 31
78 32
50 33
98 34
88 35
8 35
74 36
84 37
3 37
68 38
31 38
50 39
3 39
46 39
74 40
88 41
87 42
72 43
87 44
30 45
85 46
58 47
56 48
89 49
6 49
59 50
40 50
64 51
5 51
19 51
67 52
8 52
96 53
69 54
57 55
35 55
28 56
31 56
19 56
30 57
98 58
1 58
79 59
100 60
99 61
5 62
87 62
85 63
28 64
74 65
66 66
12 66
83 67
21 68

0 22 22 16 3 17 80
1 72 72
2 84 84
3 91 91
4 75 75
5 77 77
6 44 44
7 62 62
8 92 92
9 29 29
10 94 6 100
11 99 99
12 47 47
13 94 94
14 11 6 25 45 87
15 44 44
16 94 94
17 96 96
18 47 36 16 99
19 25 33 58
20 89 89
21 98 98
22 48 48
23 92 92
24 14 71 85
25 75 4 79
26 97 3 100
27 100 100
28 59 59
29 47 28 75
30 52 52
31 52 52
32 78 78
33 50 50
34 98 98
35 88 8 96
36 74 74
37 84 3 87
38 68 31 99
39 50 3 46 99
40 74 74
41 88 88
42 87 87
43 72 72
44 87 87
45 30 30
46 85 85
47 58 58
48 56 56
49 89 6 95
50 59 40 99
51 64 5 19 88
52 67 8 75
53 96 96
54 69 69
55 57 35 92
56 28 31 19 78
57 30 30
58 98 1 99
59 79 79
60 100 100
61 99 99
62 5 87 92
63 85 85
64 28 28
65 74 74
66 66 12 78
67 83 83
68 21 21

First Fit:
22 0
22 0
16 0
3 0
17 0
72 1
84 2
91 3
75 4
77 5
44 6
62 7
92 8
29 6
94 9
6 0
99 10
47 11
94 12
11 0
6 1
25 4
45 11
44 13
94 14
96 15
47 13
36 7
16 1
25 6
33 16
89 17
98 18
48 16
92 19
14 2
71 20
75 21
4 1
97 22
3 0
100 23
59 24
47 25
28 20
52 25
52 26
78 27
50 28
98 29
88 30
8 3
74 31
84 32
3 5
68 33
31 24
50 28
3 5
46 26
74 34
88 35
87 36
72 37
87 38
30 33
85 39
58 40
56 41
89 42
6 5
59 43
40 40
64 44
5 5
19 16
67 45
8 8
96 46
69 47
57 48
35 41
28 37
31 43
19 21
30 44
98 49
1 1
79 50
100 51
99 52
5 5
87 53
85 54
28 45
74 55
66 56
12 27
83 57
21 31

0 22 22 16 3 17 6 11 3 100
1 72 6 16 4 1 99
2 84 14 98
3 91 8 99
4 75 25 100
5 77 3 3 6 5 5 99
6 44 29 25 98
7 62 36 98
8 92 8 100
9 94 94
10 99 99
11 47 45 92
12 94 94
13 44 47 91
14 94 94
15 96 96
16 33 48 19 100
17 89 89
18 98 98
19 92 92
20 71 28 99
21 75 19 94
22 97 97
23 100 100
24 59 31 90
25 47 52 99
26 52 46 98
27 78 12 90
28 50 50 100
29 98 98
30 88 88
31 74 21 95
32 84 84
33 68 30 98
34 74 74
35 88 88
36 87 87
37 72 28 100
38 87 87
39 85 85
40 58 40 98
41 56 35 91
42 89 89
43 59 31 90
44 64 30 94
45 67 28 95
46 96 96
47 69 69
48 57 57
49 98 98
50 79 79
51 100 100
52 99 99
53 87 87
54 85 85
55 74 74
56 66 66
57 83 83

Best Fit:
22 0
22 0
16 0
3 0
17 0
72 1
84 2
91 3
75 4
77 5
44 6
62 7
92 8
29 7
94 9
6 9
99 10
47 6
94 11
11 2
6 11
25 4
45 12
44 12
94 13
96 14
47 15
36 15
16 15
25 1
33 16
89 17
98 18
48 16
92 19
14 16
71 20
75 21
4 14
97 22
3 1
100 23
59 24
47 25
28 20
52 25
52 26
78 27
50 28
98 29
88 30
8 8
74 31
84 32
3 22
68 33
31 33
50 28
3 2
46 26
74 34
88 35
87 36
72 37
87 38
30 24
85 39
58 40
56 41
89 42
6 13
59 43
40 43
64 44
5 16
19 0
67 45
8 19
96 46
69 47
57 48
35 44
28 37
31 47
19 27
30 45
98 49
1 0
79 50
100 51
99 52
5 3
87 53
85 54
28 40
74 55
66 56
12 30
83 57
21 50

0 22 22 16 3 17 19 1 100
1 72 25 3 100
2 84 11 3 98
3 91 5 96
4 75 25 100
5 77 77
6 44 47 91
7 62 29 91
8 92 8 100
9 94 6 100
10 99 99
11 94 6 100
12 45 44 89
13 94 6 100
14 96 4 100
15 47 36 16 99
16 33 48 14 5 100
17 89 89
18 98 98
19 92 8 100
20 71 28 99
21 75 75
22 97 3 100
23 100 100
24 59 30 89
25 47 52 99
26 52 46 98
27 78 19 97
28 50 50 100
29 98 98
30 88 12 100
31 74 74
32 84 84
33 68 31 99
34 74 74
35 88 88
36 87 87
37 72 28 100
38 87 87
39 85 85
40 58 28 86
41 56 56
42 89 89
43 59 40 99
44 64 35 99
45 67 30 97
46 96 96
47 69 31 100
48 57 57
49 98 98
50 79 21 100
51 100 100
52 99 99
53 87 87
54 85 85
55 74 74
56 66 66
57 83 83

First Fit Decreasing:
100 0
100 1
99 2
99 3
98 4
98 5
98 6
97 7
96 8
96 9
94 10
94 11
94 12
92 13
92 14
91 15
89 16
89 17
88 18
88 19
87 20
87 21
87 22
85 23
85 24
84 25
84 26
83 27
79 28
78 29
77 30
75 31
75 32
74 33
74 34
74 35
72 36
72 37
71 38
69 39
68 40
67 41
66 42
64 43
62 44
59 45
59 46
58 47
57 48
56 49
52 50
52 51
50 52
50 52
48 50
47 51
47 53
47 53
46 54
45 54
44 49
44 55
40 45
36 43
35 44
33 41
31 39
31 40
30 42
30 46
29 38
28 36
28 37
28 47
25 31
25 32
22 29
22 30
21 28
19 33
19 34
17 27
16 25
16 26
14 23
12 18
11 16
8 13
8 14
6 10
6 11
6 12
5 15
5 17
4 8
3 7
3 9
3 15
3 17
1 2

0 100 100
1 100 100
2 99 1 100
3 99 99
4 98 98
5 98 98
6 98 98
7 97 3 100
8 96 4 100
9 96 3 99
10 94 6 100
11 94 6 100
12 94 6 100
13 92 8 100
14 92 8 100
15 91 5 3 99
16 89 11 100
17 89 5 3 97
18 88 12 100
19 88 88
20 87 87
21 87 87
22 87 87
23 85 14 99
24 85 85
25 84 16 100
26 84 16 100
27 83 17 100
28 79 21 100
29 78 22 100
30 77 22 99
31 75 25 100
32 75 25 100
33 74 19 93
34 74 19 93
35 74 74
36 72 28 100
37 72 28 100
38 71 29 100
39 69 31 100
40 68 31 99
41 67 33 100
42 66 30 96
43 64 36 100
44 62 35 97
45 59 40 99
46 59 30 89
47 58 28 86
48 57 57
49 56 44 100
50 52 48 100
51 52 47 99
52 50 50 100
53 47 47 94
54 46 45 91
55 44 44

Best Fit Decreasing:
100 0
100 1
99 2
99 3
98 4
98 5
98 6
97 7
96 8
96 9
94 10
94 11
94 12
92 13
92 14
91 15
89 16
89 17
88 18
88 19
87 20
87 21
87 22
85 23
85 24
84 25
84 26
83 27
79 28
78 29
77 30
75 31
75 32
74 33
74 34
74 35
72 36
72 37
71 38
69 39
68 40
67 41
66 42
64 43
62 44
59 45
59 46
58 47
57 48
56 49
52 50
52 51
50 52
50 52
48 50
47 51
47 53
47 53
46 54
45 54
44 49
44 55
40 45
36 43
35 44
33 41
31 39
31 40
30 42
30 46
29 38
28 36
28 37
28 47
25 31
25 32
22 29
22 30
21 28
19 33
19 34
17 27
16 25
16 26
14 47
12 18
11 16
8 13
8 14
6 10
6 11
6 12
5 53
5 33
4 8
3 7
3 44
3 9
3 42
1 2

0 100 100
1 100 100
2 99 1 100
3 99 99
4 98 98
5 98 98
6 98 98
7 97 3 100
8 96 4 100
9 96 3 99
10 94 6 100
11 94 6 100
12 94 6 100
13 92 8 100
14 92 8 100
15 91 91
16 89 11 100
17 89 89
18 88 12 100
19 88 88
20 87 87
21 87 87
22 87 87
23 85 85
24 85 85
25 84 16 100
26 84 16 100
27 83 17 100
28 79 21 100
29 78 22 100
30 77 22 99
31 75 25 100
32 75 25 100
33 74 19 5 98
34 74 19 93
35 74 74
36 72 28 100
37 72 28 100
38 71 29 100
39 69 31 100
40 68 31 99
41 67 33 100
42 66 30 3 99
43 64 36 100
44 62 35 3 100
45 59 40 99
46 59 30 89
47 58 28 14 100
48 57 57
49 56 44 100
50 52 48 100
51 52 47 99
52 50 50 100
53 47 47 5 99
54 46 45 91
55 44 44

*Experiment #8*
52
88
31
91
4
87
9
70
95
56
90
3
91
17
33
61
99
30
61
77
82
59
33
20
95
60
45
60
24
79
81
75
19
63
18
22
50
78
43
96
34
33
98
76
1
31
36
99
12
48
28
45
59
60
17
53
72
61
65
95
92
97
21
10
59
38
31
8
16
25
3
1
57
1
76
10
83
63
8
94
10
87
39
20
47
55
25
70
67
89
64
58
85
84
67
95
74
49
3
41

Next Fit:
52 0
88 1
31 2
91 3
4 3
87 4
9 4
70 5
95 6
56 7
90 8
3 8
91 9
17 10
33 10
61 11
99 12
30 13
61 13
77 14
82 15
59 16
33 16
20 17
95 18
60 19
45 20
60 21
24 21
79 22
81 23
75 24
19 24
63 25
18 25
22 26
50 26
78 27
43 28
96 29
34 30
33 30
98 31
76 32
1 32
31 33
36 33
99 34
12 35
48 35
28 35
45 36
59 37
60 38
17 38
53 39
72 40
61 41
65 42
95 43
92 44
97 45
21 46
10 46
59 46
38 47
31 47
8 47
16 47
25 48
3 48
1 48
57 48
1 48
76 49
10 49
83 50
63 51
8 51
94 52
10 53
87 53
39 54
20 54
47 55
55 56
25 56
70 57
67 58
89 59
64 60
58 61
85 62
84 63
67 64
95 65
74 66
49 67
3 67
41 67

0 52 52
1 88 88
2 31 31
3 91 4 95
4 87 9 96
5 70 70
6 95 95
7 56 56
8 90 3 93
9 91 91
10 17 33 50
11 61 61
12 99 99
13 30 61 91
14 77 77
15 82 82
16 59 33 92
17 20 20
18 95 95
19 60 60
20 45 45
21 60 24 84
22 79 79
23 81 81
24 75 19 94
25 63 18 81
26 22 50 72
27 78 78
28 43 43
29 96 96
30 34 33 67
31 98 98
32 76 1 77
33 31 36 67
34 99 99
35 12 48 28 88
36 45 45
37 59 59
38 60 17 77
39 53 53
40 72 72
41 61 61
42 65 65
43 95 95
44 92 92
45 97 97
46 21 10 59 90
47 38 31 8 16 93
48 25 3 1 57 1 87
49 76 10 86
50 83 83
51 63 8 71
52 94 94
53 10 87 97
54 39 20 59
55 47 47
56 55 25 80
57 70 70
58 67 67
59 89 89
60 64 64
61 58 58
62 85 85
63 84 84
64 67 67
65 95 95
66 74 74
67 49 3 41 93

First Fit:
52 0
88 1
31 0
91 2
4 0
87 3
9 0
70 4
95 5
56 6
90 7
3 0
91 8
17 4
33 6
61 9
99 10
30 9
61 11
77 12
82 13
59 14
33 11
20 12
95 15
60 16
45 17
60 18
24 14
79 19
81 20
75 21
19 16
63 22
18 13
22 17
50 23
78 24
43 23
96 25
34 18
33 17
98 26
76 27
1 0
31 22
36 28
99 29
12 1
48 28
28 30
45 30
59 31
60 32
17 14
53 33
72 34
61 35
65 36
95 37
92 38
97 39
21 16
10 3
59 40
38 31
31 32
8 2
16 19
25 21
3 3
1 2
57 41
1 4
76 42
10 4
83 43
63 44
8 6
94 45
10 7
87 46
39 33
20 24
47 47
55 48
25 30
70 49
67 50
89 51
64 52
58 53
85 54
84 55
67 56
95 57
74 58
49 47
3 5
41 40

0 52 31 4 9 3 1 100
1 88 12 100
2 91 8 1 100
3 87 10 3 100
4 70 17 1 10 98
5 95 3 98
6 56 33 8 97
7 90 10 100
8 91 91
9 61 30 91
10 99 99
11 61 33 94
12 77 20 97
13 82 18 100
14 59 24 17 100
15 95 95
16 60 19 21 100
17 45 22 33 100
18 60 34 94
19 79 16 95
20 81 81
21 75 25 100
22 63 31 94
23 50 43 93
24 78 20 98
25 96 96
26 98 98
27 76 76
28 36 48 84
29 99 99
30 28 45 25 98
31 59 38 97
32 60 31 91
33 53 39 92
34 72 72
35 61 61
36 65 65
37 95 95
38 92 92
39 97 97
40 59 41 100
41 57 57
42 76 76
43 83 83
44 63 63
45 94 94
46 87 87
47 47 49 96
48 55 55
49 70 70
50 67 67
51 89 89
52 64 64
53 58 58
54 85 85
55 84 84
56 67 67
57 95 95
58 74 74

Best Fit:
52 0
88 1
31 0
91 2
4 2
87 3
9 1
70 4
95 5
56 6
90 7
3 1
91 8
17 0
33 6
61 9
99 10
30 4
61 11
77 12
82 13
59 14
33 9
20 12
95 15
60 16
45 17
60 18
24 11
79 19
81 20
75 21
19 20
63 22
18 13
22 21
50 17
78 23
43 24
96 25
34 22
33 16
98 26
76 27
1 10
31 18
36 14
99 28
12 3
48 24
28 29
45 29
59 30
60 31
17 19
53 32
72 33
61 34
65 35
95 36
92 37
97 38
21 23
10 7
59 39
38 34
31 35
8 37
16 27
25 29
3 12
1 3
57 40
1 23
76 41
10 6
83 42
63 43
8 27
94 44
10 11
87 45
39 31
20 41
47 32
55 46
25 33
70 47
67 48
89 49
64 50
58 51
85 52
84 53
67 54
95 55
74 56
49 57
3 21
41 30

0 52 31 17 100
1 88 9 3 100
2 91 4 95
3 87 12 1 100
4 70 30 100
5 95 95
6 56 33 10 99
7 90 10 100
8 91 91
9 61 33 94
10 99 1 100
11 61 24 10 95
12 77 20 3 100
13 82 18 100
14 59 36 95
15 95 95
16 60 33 93
17 45 50 95
18 60 31 91
19 79 17 96
20 81 19 100
21 75 22 3 100
22 63 34 97
23 78 21 1 100
24 43 48 91
25 96 96
26 98 98
27 76 16 8 100
28 99 99
29 28 45 25 98
30 59 41 100
31 60 39 99
32 53 47 100
33 72 25 97
34 61 38 99
35 65 31 96
36 95 95
37 92 8 100
38 97 97
39 59 59
40 57 57
41 76 20 96
42 83 83
43 63 63
44 94 94
45 87 87
46 55 55
47 70 70
48 67 67
49 89 89
50 64 64
51 58 58
52 85 85
53 84 84
54 67 67
55 95 95
56 74 74
57 49 49

First Fit Decreasing:
99 0
99 1
98 2
97 3
96 4
95 5
95 6
95 7
95 8
94 9
92 10
91 11
91 12
90 13
89 14
88 15
87 16
87 17
85 18
84 19
83 20
82 21
81 22
79 23
78 24
77 25
76 26
76 27
75 28
74 29
72 30
70 31
70 32
67 33
67 34
65 35
64 36
63 37
63 38
61 39
61 40
61 41
60 42
60 43
60 44
59 45
59 46
59 47
58 48
57 49
56 50
55 51
53 52
52 53
50 54
49 54
48 53
47 52
45 51
45 55
43 49
41 45
39 39
38 40
36 36
34 35
33 33
33 34
33 37
31 38
31 41
31 42
30 31
28 30
25 28
25 29
24 26
22 24
21 23
20 25
20 27
19 22
18 21
17 20
17 32
16 19
12 15
10 13
10 14
10 16
9 11
8 10
8 12
4 4
3 3
3 5
3 6
1 0
1 1
1 2

0 99 1 100
1 99 1 100
2 98 1 99
3 97 3 100
4 96 4 100
5 95 3 98
6 95 3 98
7 95 95
8 95 95
9 94 94
10 92 8 100
11 91 9 100
12 91 8 99
13 90 10 100
14 89 10 99
15 88 12 100
16 87 10 97
17 87 87
18 85 85
19 84 16 100
20 83 17 100
21 82 18 100
22 81 19 100
23 79 21 100
24 78 22 100
25 77 20 97
26 76 24 100
27 76 20 96
28 75 25 100
29 74 25 99
30 72 28 100
31 70 30 100
32 70 17 87
33 67 33 100
34 67 33 100
35 65 34 99
36 64 36 100
37 63 33 96
38 63 31 94
39 61 39 100
40 61 38 99
41 61 31 92
42 60 31 91
43 60 60
44 60 60
45 59 41 100
46 59 59
47 59 59
48 58 58
49 57 43 100
50 56 56
51 55 45 100
52 53 47 100
53 52 48 100
54 50 49 99
55 45 45

Best Fit Decreasing:
99 0
99 1
98 2
97 3
96 4
95 5
95 6
95 7
95 8
94 9
92 10
91 11
91 12
90 13
89 14
88 15
87 16
87 17
85 18
84 19
83 20
82 21
81 22
79 23
78 24
77 25
76 26
76 27
75 28
74 29
72 30
70 31
70 32
67 33
67 34
65 35
64 36
63 37
63 38
61 39
61 40
61 41
60 42
60 43
60 44
59 45
59 46
59 47
58 48
57 49
56 50
55 51
53 52
52 53
50 54
49 54
48 53
47 52
45 51
45 55
43 49
41 45
39 39
38 40
36 36
34 35
33 33
33 34
33 37
31 38
31 41
31 42
30 31
28 30
25 28
25 29
24 26
22 24
21 23
20 25
20 27
19 22
18 21
17 20
17 32
16 19
12 15
10 13
10 14
10 16
9 11
8 10
8 41
4 4
3 3
3 16
3 25
1 0
1 1
1 14

0 99 1 100
1 99 1 100
2 98 98
3 97 3 100
4 96 4 100
5 95 95
6 95 95
7 95 95
8 95 95
9 94 94
10 92 8 100
11 91 9 100
12 91 91
13 90 10 100
14 89 10 1 100
15 88 12 100
16 87 10 3 100
17 87 87
18 85 85
19 84 16 100
20 83 17 100
21 82 18 100
22 81 19 100
23 79 21 100
24 78 22 100
25 77 20 3 100
26 76 24 100
27 76 20 96
28 75 25 100
29 74 25 99
30 72 28 100
31 70 30 100
32 70 17 87
33 67 33 100
34 67 33 100
35 65 34 99
36 64 36 100
37 63 33 96
38 63 31 94
39 61 39 100
40 61 38 99
41 61 31 8 100
42 60 31 91
43 60 60
44 60 60
45 59 41 100
46 59 59
47 59 59
48 58 58
49 57 43 100
50 56 56
51 55 45 100
52 53 47 100
53 52 48 100
54 50 49 99
55 45 45

*Experiment #9*
74
5
41
82
57
16
91
39
30
51
85
91
37
75
11
35
81
35
4
47
75
19
57
59
55
75
5
28
76
7
20
49
64
60
82
20
27
73
11
56
75
95
46
11
69
56
46
49
42
1
47
16
20
3
26
26
30
31
53
5
37
72
5
52
83
86
24
9
58
34
16
84
80
61
95
100
69
92
48
10
92
46
26
63
1
3
88
30
33
92
34
22
15
38
73
49
23
96
9
33

Next Fit:
74 0
5 0
41 1
82 2
57 3
16 3
91 4
39 5
30 5
51 6
85 7
91 8
37 9
75 10
11 10
35 11
81 12
35 13
4 13
47 13
75 14
19 14
57 15
59 16
55 17
75 18
5 18
28 19
76 20
7 20
20 21
49 21
64 22
60 23
82 24
20 25
27 25
73 26
11 26
56 27
75 28
95 29
46 30
11 30
69 31
56 32
46 33
49 33
42 34
1 34
47 34
16 35
20 35
3 35
26 35
26 35
30 36
31 36
53 37
5 37
37 37
72 38
5 38
52 39
83 40
86 41
24 42
9 42
58 42
34 43
16 43
84 44
80 45
61 46
95 47
100 48
69 49
92 50
48 51
10 51
92 52
46 53
26 53
63 54
1 54
3 54
88 55
30 56
33 56
92 57
34 58
22 58
15 58
38 59
73 60
49 61
23 61
96 62
9 63
33 63

0 74 5 79
1 41 41
2 82 82
3 57 16 73
4 91 91
5 39 30 69
6 51 51
7 85 85
8 91 91
9 37 37
10 75 11 86
11 35 35
12 81 81
13 35 4 47 86
14 75 19 94
15 57 57
16 59 59
17 55 55
18 75 5 80
19 28 28
20 76 7 83
21 20 49 69
22 64 64
23 60 60
24 82 82
25 20 27 47
26 73 11 84
27 56 56
28 75 75
29 95 95
30 46 11 57
31 69 69
32 56 56
33 46 49 95
34 42 1 47 90
35 16 20 3 26 26 91
36 30 31 61
37 53 5 37 95
38 72 5 77
39 52 52
40 83 83
41 86 86
42 24 9 58 91
43 34 16 50
44 84 84
45 80 80
46 61 61
47 95 95
48 100 100
49 69 69
50 92 92
51 48 10 58
52 92 92
53 46 26 72
54 63 1 3 67
55 88 88
56 30 33 63
57 92 92
58 34 22 15 71
59 38 38
60 73 73
61 49 23 72
62 96 96
63 9 33 42

First Fit:
74 0
5 0
41 1
82 2
57 1
16 0
91 3
39 4
30 4
51 5
85 6
91 7
37 5
75 8
11 2
35 9
81 10
35 9
4 0
47 11
75 12
19 4
57 13
59 14
55 15
75 16
5 2
28 9
76 17
7 3
20 8
49 11
64 18
60 19
82 20
20 12
27 13
73 21
11 4
56 22
75 23
95 24
46 25
11 5
69 26
56 27
46 25
49 28
42 15
1 0
47 28
16 10
20 14
3 6
26 18
26 19
30 22
31 26
53 29
5 6
37 27
72 30
5 6
52 31
83 32
86 33
24 16
9 7
58 34
34 29
16 13
84 35
80 36
61 37
95 38
100 39
69 40
92 41
48 31
10 14
92 42
46 43
26 21
63 44
1 1
3 8
88 45
30 34
33 37
92 46
34 43
22 17
15 20
38 47
73 48
49 47
23 23
96 49
9 14
33 44

0 74 5 16 4 1 100
1 41 57 1 99
2 82 11 5 98
3 91 7 98
4 39 30 19 11 99
5 51 37 11 99
6 85 3 5 5 98
7 91 9 100
8 75 20 3 98
9 35 35 28 98
10 81 16 97
11 47 49 96
12 75 20 95
13 57 27 16 100
14 59 20 10 9 98
15 55 42 97
16 75 24 99
17 76 22 98
18 64 26 90
19 60 26 86
20 82 15 97
21 73 26 99
22 56 30 86
23 75 23 98
24 95 95
25 46 46 92
26 69 31 100
27 56 37 93
28 49 47 96
29 53 34 87
30 72 72
31 52 48 100
32 83 83
33 86 86
34 58 30 88
35 84 84
36 80 80
37 61 33 94
38 95 95
39 100 100
40 69 69
41 92 92
42 92 92
43 46 34 80
44 63 33 96
45 88 88
46 92 92
47 38 49 87
48 73 73
49 96 96

Best Fit:
74 0
5 0
41 1
82 2
57 1
16 2
91 3
39 4
30 4
51 5
85 6
91 7
37 5
75 8
11 5
35 9
81 10
35 9
4 3
47 11
75 12
19 10
57 13
59 14
55 15
75 16
5 3
28 9
76 17
7 7
20 0
49 11
64 18
60 19
82 20
20 17
27 4
73 21
11 6
56 22
75 23
95 24
46 25
11 20
69 26
56 27
46 25
49 28
42 13
1 0
47 28
16 8
20 12
3 4
26 21
26 26
30 18
31 19
53 29
5 12
37 14
72 30
5 24
52 31
83 32
86 33
24 16
9 8
58 34
34 34
16 32
84 35
80 36
61 37
95 38
100 39
69 40
92 41
48 31
10 33
92 42
46 29
26 30
63 43
1 4
3 6
88 44
30 40
33 43
92 45
34 37
22 23
15 35
38 22
73 46
49 47
23 46
96 48
9 19
33 27

0 74 5 20 1 100
1 41 57 98
2 82 16 98
3 91 4 5 100
4 39 30 27 3 1 100
5 51 37 11 99
6 85 11 3 99
7 91 7 98
8 75 16 9 100
9 35 35 28 98
10 81 19 100
11 47 49 96
12 75 20 5 100
13 57 42 99
14 59 37 96
15 55 55
16 75 24 99
17 76 20 96
18 64 30 94
19 60 31 9 100
20 82 11 93
21 73 26 99
22 56 38 94
23 75 22 97
24 95 5 100
25 46 46 92
26 69 26 95
27 56 33 89
28 49 47 96
29 53 46 99
30 72 26 98
31 52 48 100
32 83 16 99
33 86 10 96
34 58 34 92
35 84 15 99
36 80 80
37 61 34 95
38 95 95
39 100 100
40 69 30 99
41 92 92
42 92 92
43 63 33 96
44 88 88
45 92 92
46 73 23 96
47 49 49
48 96 96

First Fit Decreasing:
100 0
96 1
95 2
95 3
92 4
92 5
92 6
91 7
91 8
88 9
86 10
85 11
84 12
83 13
82 14
82 15
81 16
80 17
76 18
75 19
75 20
75 21
75 22
74 23
73 24
73 25
72 26
69 27
69 28
64 29
63 30
61 31
60 32
59 33
58 34
57 35
57 36
56 37
56 38
55 39
53 40
52 41
51 42
49 42
49 43
49 43
48 41
47 40
47 44
46 44
46 45
46 45
42 34
41 33
39 31
38 32
37 30
37 35
35 29
35 36
34 37
34 38
33 39
33 46
31 27
30 28
30 46
30 46
28 26
27 24
26 23
26 25
26 47
24 18
23 19
22 20
20 17
20 21
20 22
19 16
16 12
16 13
16 14
15 11
11 9
11 10
11 15
10 37
9 7
9 8
7 4
5 2
5 3
5 5
5 6
4 1
3 5
3 6
1 4
1 9

0 100 100
1 96 4 100
2 95 5 100
3 95 5 100
4 92 7 1 100
5 92 5 3 100
6 92 5 3 100
7 91 9 100
8 91 9 100
9 88 11 1 100
10 86 11 97
11 85 15 100
12 84 16 100
13 83 16 99
14 82 16 98
15 82 11 93
16 81 19 100
17 80 20 100
18 76 24 100
19 75 23 98
20 75 22 97
21 75 20 95
22 75 20 95
23 74 26 100
24 73 27 100
25 73 26 99
26 72 28 100
27 69 31 100
28 69 30 99
29 64 35 99
30 63 37 100
31 61 39 100
32 60 38 98
33 59 41 100
34 58 42 100
35 57 37 94
36 57 35 92
37 56 34 10 100
38 56 34 90
39 55 33 88
40 53 47 100
41 52 48 100
42 51 49 100
43 49 49 98
44 47 46 93
45 46 46 92
46 33 30 30 93
47 26 26

Best Fit Decreasing:
100 0
96 1
95 2
95 3
92 4
92 5
92 6
91 7
91 8
88 9
86 10
85 11
84 12
83 13
82 14
82 15
81 16
80 17
76 18
75 19
75 20
75 21
75 22
74 23
73 24
73 25
72 26
69 27
69 28
64 29
63 30
61 31
60 32
59 33
58 34
57 35
57 36
56 37
56 38
55 39
53 40
52 41
51 42
49 42
49 43
49 43
48 41
47 40
47 44
46 44
46 45
46 45
42 34
41 33
39 31
38 32
37 30
37 35
35 29
35 36
34 37
34 38
33 39
33 46
31 27
30 28
30 46
30 46
28 26
27 24
26 23
26 25
26 47
24 18
23 19
22 20
20 17
20 21
20 22
19 16
16 12
16 13
16 14
15 11
11 9
11 39
11 10
10 37
9 7
9 8
7 44
5 2
5 3
5 21
5 22
4 1
3 10
3 20
1 9
1 13

0 100 100
1 96 4 100
2 95 5 100
3 95 5 100
4 92 92
5 92 92
6 92 92
7 91 9 100
8 91 9 100
9 88 11 1 100
10 86 11 3 100
11 85 15 100
12 84 16 100
13 83 16 1 100
14 82 16 98
15 82 82
16 81 19 100
17 80 20 100
18 76 24 100
19 75 23 98
20 75 22 3 100
21 75 20 5 100
22 75 20 5 100
23 74 26 100
24 73 27 100
25 73 26 99
26 72 28 100
27 69 31 100
28 69 30 99
29 64 35 99
30 63 37 100
31 61 39 100
32 60 38 98
33 59 41 100
34 58 42 100
35 57 37 94
36 57 35 92
37 56 34 10 100
38 56 34 90
39 55 33 11 99
40 53 47 100
41 52 48 100
42 51 49 100
43 49 49 98
44 47 46 7 100
45 46 46 92
46 33 30 30 93
47 26 26

*Experiment #10*
81
24
16
60
85
62
59
5
53
58
14
97
4
91
11
4
94
51
85
78
94
18
99
61
7
72
9
81
19
18
65
100
93
33
11
29
94
70
33
99
79
99
47
82
89
9
37
34
59
21
12
5
90
62
17
48
33
25
81
4
94
45
3
39
29
13
67
75
34
100
25
13
98
71
46
38
31
35
24
90
7
87
46
97
48
62
96
33
38
76
36
84
73
90
22
53
2
88
27
88

Next Fit:
81 0
24 1
16 1
60 1
85 2
62 3
59 4
5 4
53 5
58 6
14 6
97 7
4 8
91 8
11 9
4 9
94 10
51 11
85 12
78 13
94 14
18 15
99 16
61 17
7 17
72 18
9 18
81 19
19 19
18 20
65 20
100 21
93 22
33 23
11 23
29 23
94 24
70 25
33 26
99 27
79 28
99 29
47 30
82 31
89 32
9 32
37 33
34 33
59 34
21 34
12 34
5 34
90 35
62 36
17 36
48 37
33 37
25 38
81 39
4 39
94 40
45 41
3 41
39 41
29 42
13 42
67 43
75 44
34 45
100 46
25 47
13 47
98 48
71 49
46 50
38 50
31 51
35 51
24 51
90 52
7 52
87 53
46 54
97 55
48 56
62 57
96 58
33 59
38 59
76 60
36 61
84 62
73 63
90 64
22 65
53 65
2 65
88 66
27 67
88 68

0 81 81
1 24 16 60 100
2 85 85
3 62 62
4 59 5 64
5 53 53
6 58 14 72
7 97 97
8 4 91 95
9 11 4 15
10 94 94
11 51 51
12 85 85
13 78 78
14 94 94
15 18 18
16 99 99
17 61 7 68
18 72 9 81
19 81 19 100
20 18 65 83
21 100 100
22 93 93
23 33 11 29 73
24 94 94
25 70 70
26 33 33
27 99 99
28 79 79
29 99 99
30 47 47
31 82 82
32 89 9 98
33 37 34 71
34 59 21 12 5 97
35 90 90
36 62 17 79
37 48 33 81
38 25 25
39 81 4 85
40 94 94
41 45 3 39 87
42 29 13 42
43 67 67
44 75 75
45 34 34
46 100 100
47 25 13 38
48 98 98
49 71 71
50 46 38 84
51 31 35 24 90
52 90 7 97
53 87 87
54 46 46
55 97 97
56 48 48
57 62 62
58 96 96
59 33 38 71
60 76 76
61 36 36
62 84 84
63 73 73
64 90 90
65 22 53 2 77
66 88 88
67 27 27
68 88 88

First Fit:
81 0
24 1
16 0
60 1
85 2
62 3
59 4
5 1
53 5
58 6
14 2
97 7
4 1
91 8
11 3
4 1
94 9
51 10
85 11
78 12
94 13
18 3
99 14
61 15
7 3
72 16
9 4
81 17
19 4
18 5
65 18
100 19
93 20
33 6
11 4
29 5
94 21
70 22
33 10
99 23
79 24
99 25
47 26
82 27
89 28
9 6
37 15
34 18
59 29
21 12
12 10
5 8
90 30
62 31
17 16
48 26
33 29
25 22
81 32
4 8
94 33
45 34
3 0
39 34
29 31
13 11
67 35
75 36
34 37
100 38
25 35
13 17
98 39
71 40
46 37
38 41
31 41
35 42
24 36
90 43
7 16
87 44
46 42
97 45
48 46
62 47
96 48
33 46
38 47
76 49
36 50
84 51
73 52
90 53
22 40
53 50
2 1
88 54
27 41
88 55

0 81 16 3 100
1 24 60 5 4 4 2 99
2 85 14 99
3 62 11 18 7 98
4 59 9 19 11 98
5 53 18 29 100
6 58 33 9 100
7 97 97
8 91 5 4 100
9 94 94
10 51 33 12 96
11 85 13 98
12 78 21 99
13 94 94
14 99 99
15 61 37 98
16 72 17 7 96
17 81 13 94
18 65 34 99
19 100 100
20 93 93
21 94 94
22 70 25 95
23 99 99
24 79 79
25 99 99
26 47 48 95
27 82 82
28 89 89
29 59 33 92
30 90 90
31 62 29 91
32 81 81
33 94 94
34 45 39 84
35 67 25 92
36 75 24 99
37 34 46 80
38 100 100
39 98 98
40 71 22 93
41 38 31 27 96
42 35 46 81
43 90 90
44 87 87
45 97 97
46 48 33 81
47 62 38 100
48 96 96
49 76 76
50 36 53 89
51 84 84
52 73 73
53 90 90
54 88 88
55 88 88

Best Fit:
81 0
24 1
16 0
60 1
85 2
62 3
59 4
5 2
53 5
58 6
14 1
97 7
4 2
91 8
11 3
4 2
94 9
51 10
85 11
78 12
94 13
18 12
99 14
61 15
7 8
72 16
9 11
81 17
19 17
18 3
65 18
100 19
93 20
33 18
11 16
29 15
94 21
70 22
33 4
99 23
79 24
99 25
47 5
82 26
89 27
9 3
37 6
34 10
59 28
21 24
12 10
5 6
90 29
62 30
17 16
48 31
33 30
25 22
81 32
4 12
94 33
45 31
3 0
39 28
29 34
13 26
67 34
75 35
34 36
100 37
25 35
13 32
98 38
71 39
46 36
38 40
31 40
35 41
24 39
90 42
7 20
87 43
46 41
97 44
48 45
62 46
96 47
33 46
38 45
76 48
36 49
84 50
73 51
90 52
22 48
53 49
2 1
88 53
27 51
88 54

0 81 16 3 100
1 24 60 14 2 100
2 85 5 4 4 98
3 62 11 18 9 100
4 59 33 92
5 53 47 100
6 58 37 5 100
7 97 97
8 91 7 98
9 94 94
10 51 34 12 97
11 85 9 94
12 78 18 4 100
13 94 94
14 99 99
15 61 29 90
16 72 11 17 100
17 81 19 100
18 65 33 98
19 100 100
20 93 7 100
21 94 94
22 70 25 95
23 99 99
24 79 21 100
25 99 99
26 82 13 95
27 89 89
28 59 39 98
29 90 90
30 62 33 95
31 48 45 93
32 81 13 94
33 94 94
34 29 67 96
35 75 25 100
36 34 46 80
37 100 100
38 98 98
39 71 24 95
40 38 31 69
41 35 46 81
42 90 90
43 87 87
44 97 97
45 48 38 86
46 62 33 95
47 96 96
48 76 22 98
49 36 53 89
50 84 84
51 73 27 100
52 90 90
53 88 88
54 88 88

First Fit Decreasing:
100 0
100 1
99 2
99 3
99 4
98 5
97 6
97 7
96 8
94 9
94 10
94 11
94 12
93 13
91 14
90 15
90 16
90 17
89 18
88 19
88 20
87 21
85 22
85 23
84 24
82 25
81 26
81 27
81 28
79 29
78 30
76 31
75 32
73 33
72 34
71 35
70 36
67 37
65 38
62 39
62 40
62 41
61 42
60 43
59 44
59 45
58 46
53 47
53 48
51 49
48 49
48 50
47 47
46 48
46 50
45 51
39 42
38 39
38 40
37 41
36 43
35 38
34 44
34 45
33 37
33 46
33 51
33 52
31 52
29 35
29 36
27 33
25 32
25 34
24 31
24 52
22 30
21 29
19 26
18 25
18 27
17 28
16 24
14 22
13 21
13 23
12 19
11 18
11 20
9 14
9 15
7 13
7 16
5 9
5 10
4 8
4 11
4 12
3 6
2 5

0 100 100
1 100 100
2 99 99
3 99 99
4 99 99
5 98 2 100
6 97 3 100
7 97 97
8 96 4 100
9 94 5 99
10 94 5 99
11 94 4 98
12 94 4 98
13 93 7 100
14 91 9 100
15 90 9 99
16 90 7 97
17 90 90
18 89 11 100
19 88 12 100
20 88 11 99
21 87 13 100
22 85 14 99
23 85 13 98
24 84 16 100
25 82 18 100
26 81 19 100
27 81 18 99
28 81 17 98
29 79 21 100
30 78 22 100
31 76 24 100
32 75 25 100
33 73 27 100
34 72 25 97
35 71 29 100
36 70 29 99
37 67 33 100
38 65 35 100
39 62 38 100
40 62 38 100
41 62 37 99
42 61 39 100
43 60 36 96
44 59 34 93
45 59 34 93
46 58 33 91
47 53 47 100
48 53 46 99
49 51 48 99
50 48 46 94
51 45 33 78
52 33 31 24 88

Best Fit Decreasing:
100 0
100 1
99 2
99 3
99 4
98 5
97 6
97 7
96 8
94 9
94 10
94 11
94 12
93 13
91 14
90 15
90 16
90 17
89 18
88 19
88 20
87 21
85 22
85 23
84 24
82 25
81 26
81 27
81 28
79 29
78 30
76 31
75 32
73 33
72 34
71 35
70 36
67 37
65 38
62 39
62 40
62 41
61 42
60 43
59 44
59 45
58 46
53 47
53 48
51 49
48 49
48 50
47 47
46 48
46 50
45 51
39 42
38 39
38 40
37 41
36 43
35 38
34 44
34 45
33 37
33 46
33 51
33 52
31 52
29 35
29 36
27 33
25 32
25 34
24 31
24 52
22 30
21 29
19 26
18 25
18 27
17 28
16 24
14 22
13 21
13 23
12 19
11 18
11 20
9 14
9 46
7 13
7 44
5 9
5 10
4 8
4 43
4 11
3 6
2 5

0 100 100
1 100 100
2 99 99
3 99 99
4 99 99
5 98 2 100
6 97 3 100
7 97 97
8 96 4 100
9 94 5 99
10 94 5 99
11 94 4 98
12 94 94
13 93 7 100
14 91 9 100
15 90 90
16 90 90
17 90 90
18 89 11 100
19 88 12 100
20 88 11 99
21 87 13 100
22 85 14 99
23 85 13 98
24 84 16 100
25 82 18 100
26 81 19 100
27 81 18 99
28 81 17 98
29 79 21 100
30 78 22 100
31 76 24 100
32 75 25 100
33 73 27 100
34 72 25 97
35 71 29 100
36 70 29 99
37 67 33 100
38 65 35 100
39 62 38 100
40 62 38 100
41 62 37 99
42 61 39 100
43 60 36 4 100
44 59 34 7 100
45 59 34 93
46 58 33 9 100
47 53 47 100
48 53 46 99
49 51 48 99
50 48 46 94
51 45 33 78
52 33 31 24 88
